tr_build_id,tr_job_id,tr_build_number,tr_original_commit,tr_log_lan,tr_log_status,tr_log_setup_time,tr_log_analyzer,tr_log_frameworks,tr_log_bool_tests_ran,tr_log_bool_tests_failed,tr_log_num_tests_ok,tr_log_num_tests_failed,tr_log_num_tests_run,tr_log_num_tests_skipped,tr_log_num_test_suites_run,tr_log_num_test_suites_ok,tr_log_num_test_suites_failed,tr_log_tests_failed,tr_log_testduration,tr_log_buildduration
159579684,159579685,100,7296aaae1191ddf3763edf6418a1068f3ddc0dee,python,ok,2,python,pytest,true,false,34,0,34,0,,,,"",6.88,
159579684,159579686,100,7296aaae1191ddf3763edf6418a1068f3ddc0dee,python,ok,2,python,pytest,true,false,34,0,34,0,,,,"",6.17,
159579684,159579687,100,7296aaae1191ddf3763edf6418a1068f3ddc0dee,python,ok,1,python,pytest,true,false,34,0,34,0,,,,"",6.19,
159580072,159580073,101,c59b6a9ca4ebef96c206325d7190a2d600778925,python,ok,1,python,pytest,true,false,34,0,34,0,,,,"",8.23,
159580072,159580074,101,c59b6a9ca4ebef96c206325d7190a2d600778925,python,ok,0,python,pytest,true,false,34,0,34,0,,,,"",7.98,
159580072,159580075,101,c59b6a9ca4ebef96c206325d7190a2d600778925,python,ok,1,python,pytest,true,false,34,0,34,0,,,,"",7.39,
159862299,159862300,102,c5be1a9453b18352aee2414d3dfb3ec2fbf53c59,python,ok,0,python,pytest,true,false,34,0,34,0,,,,"",7.02,
159862299,159862301,102,c5be1a9453b18352aee2414d3dfb3ec2fbf53c59,python,ok,0,python,pytest,true,false,34,0,34,0,,,,"",6.73,
159862299,159862302,102,c5be1a9453b18352aee2414d3dfb3ec2fbf53c59,python,ok,1,python,pytest,true,false,34,0,34,0,,,,"",6.35,
160914590,160914591,103,ca1f5408a90f1d9e23a5c24b6ffb418bb0ae5017,python,ok,2,python,pytest,true,false,34,0,34,0,,,,"",6.94,
160914590,160914592,103,ca1f5408a90f1d9e23a5c24b6ffb418bb0ae5017,python,ok,0,python,pytest,true,false,34,0,34,0,,,,"",6.96,
160914590,160914593,103,ca1f5408a90f1d9e23a5c24b6ffb418bb0ae5017,python,ok,3,python,pytest,true,false,34,0,34,0,,,,"",5.59,
161002882,161002884,104,ca1f5408a90f1d9e23a5c24b6ffb418bb0ae5017,python,ok,2,python,pytest,true,false,34,0,34,0,,,,"",7.19,
161002882,161002886,104,ca1f5408a90f1d9e23a5c24b6ffb418bb0ae5017,python,ok,1,python,pytest,true,false,34,0,34,0,,,,"",6.4,
161002882,161002888,104,ca1f5408a90f1d9e23a5c24b6ffb418bb0ae5017,python,ok,0,python,pytest,true,false,34,0,34,0,,,,"",5.73,
161428358,161428359,105,8af20c9ccbe13dd47f95f2729444409f6792b681,python,ok,1,python,pytest,true,false,34,0,34,0,,,,"",8.8,
161428358,161428360,105,8af20c9ccbe13dd47f95f2729444409f6792b681,python,ok,0,python,pytest,true,false,34,0,34,0,,,,"",8.7,
161428358,161428361,105,8af20c9ccbe13dd47f95f2729444409f6792b681,python,ok,1,python,pytest,true,false,34,0,34,0,,,,"",6.36,
165015103,165015104,106,3b6d6ec4f797d728be268546f504b31dcc07eec7,python,ok,0,python,pytest,true,false,34,0,34,0,,,,"",6.55,
165015103,165015105,106,3b6d6ec4f797d728be268546f504b31dcc07eec7,python,ok,0,python,pytest,true,false,34,0,34,0,,,,"",6.17,
165015103,165015106,106,3b6d6ec4f797d728be268546f504b31dcc07eec7,python,ok,0,python,pytest,true,false,34,0,34,0,,,,"",10.6,
166634309,166634310,107,55cd63eac80113f752a7a8e8959d6439bbd7ece7,python,ok,0,python,pytest,true,false,34,0,34,0,,,,"",6.55,
166634309,166634311,107,55cd63eac80113f752a7a8e8959d6439bbd7ece7,python,ok,2,python,pytest,true,false,34,0,34,0,,,,"",7.07,
166634309,166634312,107,55cd63eac80113f752a7a8e8959d6439bbd7ece7,python,ok,0,python,pytest,true,false,34,0,34,0,,,,"",5.49,
174469274,174469275,108,22ab67fd4736f2539a25d979448a0b4c9c9ff1b5,python,ok,0,python,pytest,true,false,34,0,34,0,,,,"",10.02,
174469274,174469276,108,22ab67fd4736f2539a25d979448a0b4c9c9ff1b5,python,ok,0,python,pytest,true,false,34,0,34,0,,,,"",5.95,
174469274,174469277,108,22ab67fd4736f2539a25d979448a0b4c9c9ff1b5,python,ok,0,python,pytest,true,false,34,0,34,0,,,,"",6.18,
174491686,174491687,109,c3a7d075f5b2c7bf020495105457f7a1f196a7d4,python,ok,0,python,pytest,true,false,34,0,34,0,,,,"",9.07,
174491686,174491688,109,c3a7d075f5b2c7bf020495105457f7a1f196a7d4,python,ok,0,python,pytest,true,false,34,0,34,0,,,,"",6.88,
174491686,174491689,109,c3a7d075f5b2c7bf020495105457f7a1f196a7d4,python,ok,0,python,pytest,true,false,34,0,34,0,,,,"",5.82,
39424909,39424910,10,3f237ee59a160d8a0dc2d93f1fc5863040eaa0d4,python,ok,,python,pytest,true,false,14,0,14,0,,,,"",2.45,
39424909,39424911,10,3f237ee59a160d8a0dc2d93f1fc5863040eaa0d4,python,ok,,python,pytest,true,false,14,0,14,0,,,,"",2.6,
175643497,175643498,110,d8b2c5ebc89cfe6c016728baabb7248b252b4d8a,unknown,unknown,,plain,"",false,,,,,,,,,"",,
175643497,175643501,110,d8b2c5ebc89cfe6c016728baabb7248b252b4d8a,unknown,unknown,,plain,"",false,,,,,,,,,"",,
175643497,175643502,110,d8b2c5ebc89cfe6c016728baabb7248b252b4d8a,unknown,unknown,,plain,"",false,,,,,,,,,"",,
175644631,175644632,111,47ac844be564f1390fc5177557b1907b65e7f453,unknown,unknown,,plain,"",false,,,,,,,,,"",,
175644631,175644633,111,47ac844be564f1390fc5177557b1907b65e7f453,unknown,unknown,,plain,"",false,,,,,,,,,"",,
175644631,175644634,111,47ac844be564f1390fc5177557b1907b65e7f453,unknown,unknown,,plain,"",false,,,,,,,,,"",,
176470460,176470462,112,d706d5d4da7e956106c16005592d33eabe80b0cc,unknown,unknown,,plain,"",false,,,,,,,,,"",,
176470460,176470464,112,d706d5d4da7e956106c16005592d33eabe80b0cc,unknown,unknown,,plain,"",false,,,,,,,,,"",,
176470460,176470466,112,d706d5d4da7e956106c16005592d33eabe80b0cc,unknown,unknown,,plain,"",false,,,,,,,,,"",,
176550119,176550120,113,0bf556f2eec438fe27eb57589ac8d7928818a7a3,unknown,unknown,,plain,"",false,,,,,,,,,"",,
176550119,176550121,113,0bf556f2eec438fe27eb57589ac8d7928818a7a3,unknown,unknown,,plain,"",false,,,,,,,,,"",,
176550119,176550122,113,0bf556f2eec438fe27eb57589ac8d7928818a7a3,unknown,unknown,,plain,"",false,,,,,,,,,"",,
182245838,182245839,114,6bef35f9fe6b2df69ef7095e15a4d33294df9670,unknown,unknown,,plain,"",false,,,,,,,,,"",,
182245838,182245840,114,6bef35f9fe6b2df69ef7095e15a4d33294df9670,unknown,unknown,,plain,"",false,,,,,,,,,"",,
182245838,182245841,114,6bef35f9fe6b2df69ef7095e15a4d33294df9670,unknown,unknown,,plain,"",false,,,,,,,,,"",,
188618053,188618054,115,6c31ac21da7d53e43c5e346e5a6b94e2871845e2,python,ok,1,python,pytest,true,false,34,0,34,0,,,,"",7.23,
188618053,188618056,115,6c31ac21da7d53e43c5e346e5a6b94e2871845e2,python,ok,1,python,pytest,true,false,34,0,34,0,,,,"",6.57,
188618053,188618057,115,6c31ac21da7d53e43c5e346e5a6b94e2871845e2,python,ok,2,python,pytest,true,false,34,0,34,0,,,,"",7.35,
188618242,188618245,116,d8e6a6048f93fb4b03b138f6a21dadafb115b4f9,python,ok,1,python,pytest,true,false,34,0,34,0,,,,"",7.33,
188618242,188618260,116,d8e6a6048f93fb4b03b138f6a21dadafb115b4f9,python,ok,0,python,pytest,true,false,34,0,34,0,,,,"",5.83,
188618242,188618264,116,d8e6a6048f93fb4b03b138f6a21dadafb115b4f9,python,ok,0,python,pytest,true,false,34,0,34,0,,,,"",6.61,
189942363,189942364,117,51a41d9edb4e23ed8cd1e8054ca3565f2c84a396,python,broken,0,python,"",false,,,,,,,,,"",,
189942363,189942367,117,51a41d9edb4e23ed8cd1e8054ca3565f2c84a396,python,broken,0,python,"",false,,,,,,,,,"",,
189942363,189942368,117,51a41d9edb4e23ed8cd1e8054ca3565f2c84a396,python,broken,0,python,"",false,,,,,,,,,"",,
208231926,208231927,118,19c28b18e26fdb910bb0fc39287a7f3161d98be8,python,ok,0,python,pytest,true,false,34,0,34,0,,,,"",7.61,
208231926,208231928,118,19c28b18e26fdb910bb0fc39287a7f3161d98be8,python,ok,0,python,pytest,true,false,34,0,34,0,,,,"",9.6,
208231926,208231929,118,19c28b18e26fdb910bb0fc39287a7f3161d98be8,python,ok,0,python,pytest,true,false,34,0,34,0,,,,"",6.49,
208268819,208268820,119,b72171f67f9107c4b4b865c96132c5d072350975,python,ok,0,python,pytest,true,false,34,0,34,0,,,,"",7.01,
208268819,208268821,119,b72171f67f9107c4b4b865c96132c5d072350975,python,ok,1,python,pytest,true,false,34,0,34,0,,,,"",7.94,
208268819,208268822,119,b72171f67f9107c4b4b865c96132c5d072350975,python,ok,1,python,pytest,true,false,34,0,34,0,,,,"",6.41,
39528255,39528256,11,58a6c3b6af8efff0c0f09e6f4d380cd646e89dc6,python,broken,,python,pytest,true,false,0,0,0,0,,,,"",0.11,
39528255,39528257,11,58a6c3b6af8efff0c0f09e6f4d380cd646e89dc6,python,broken,,python,pytest,true,false,0,0,0,0,,,,"",0.16,
229822912,229822913,120,07e94e5c11aec64efdb937613dd9bdecd5da99e3,python,ok,0,python,pytest,true,false,34,0,34,0,,,,"",7.47,
229822912,229822914,120,07e94e5c11aec64efdb937613dd9bdecd5da99e3,python,ok,0,python,pytest,true,false,34,0,34,0,,,,"",6.58,
229822912,229822915,120,07e94e5c11aec64efdb937613dd9bdecd5da99e3,python,ok,0,python,pytest,true,false,34,0,34,0,,,,"",6.5,
229846433,229846434,121,74dc320a9a9d1c6fb60ffc705d83916cfe0e1b5c,python,ok,0,python,pytest,true,false,34,0,34,0,,,,"",7.34,
229846433,229846435,121,74dc320a9a9d1c6fb60ffc705d83916cfe0e1b5c,python,ok,0,python,pytest,true,false,34,0,34,0,,,,"",13.15,
229846433,229846436,121,74dc320a9a9d1c6fb60ffc705d83916cfe0e1b5c,python,ok,0,python,pytest,true,false,34,0,34,0,,,,"",6.5,
274858846,274858847,122,0ddcdb2607a512aad3a7d7601668035c2c4e904f,python,ok,0,python,pytest,true,false,34,0,34,0,,,,"",11.48,
274858846,274858848,122,0ddcdb2607a512aad3a7d7601668035c2c4e904f,python,ok,0,python,pytest,true,false,34,0,34,0,,,,"",5.98,
274858846,274858849,122,0ddcdb2607a512aad3a7d7601668035c2c4e904f,python,ok,0,python,pytest,true,false,34,0,34,0,,,,"",6.47,
298276330,298276331,123,c6212547b57968cdd21f35ae76b9db7a304b1816,python,ok,0,python,pytest,true,false,35,0,35,0,,,,"",6.91,
298276330,298276332,123,c6212547b57968cdd21f35ae76b9db7a304b1816,python,ok,0,python,pytest,true,false,35,0,35,0,,,,"",5.92,
298276330,298276333,123,c6212547b57968cdd21f35ae76b9db7a304b1816,python,ok,0,python,pytest,true,false,35,0,35,0,,,,"",5.9,
376012548,376012549,124,dc11092b38814b1ab2bc24cba198220659f0a52f,python,broken,0,python,pytest,true,true,31,3,34,0,,,,test_get_resource#test_get_collection#test_etag_not_modified,8.53,
376012548,376012550,124,dc11092b38814b1ab2bc24cba198220659f0a52f,python,broken,0,python,pytest,true,true,31,3,34,0,,,,test_get_resource#test_get_collection#test_etag_not_modified,9.87,
376012548,376012551,124,dc11092b38814b1ab2bc24cba198220659f0a52f,python,broken,1,python,pytest,true,true,31,3,34,0,,,,test_get_resource#test_get_collection#test_etag_not_modified,6.03,
376014928,376014929,125,84472a4370ecb0b97622f7b20503481ef480731f,python,broken,0,python,pytest,true,true,32,3,35,0,,,,test_get_resource#test_get_collection#test_etag_not_modified,9.66,
376014928,376014930,125,84472a4370ecb0b97622f7b20503481ef480731f,python,broken,1,python,pytest,true,true,32,3,35,0,,,,test_get_resource#test_get_collection#test_etag_not_modified,9.71,
376014928,376014931,125,84472a4370ecb0b97622f7b20503481ef480731f,python,broken,2,python,pytest,true,true,32,3,35,0,,,,test_get_resource#test_get_collection#test_etag_not_modified,6.71,
376019598,376019599,126,a8b488ba05b06cde2658ff8612419ca823694258,python,ok,2,python,pytest,true,false,35,0,35,0,,,,"",7.47,
376019598,376019600,126,a8b488ba05b06cde2658ff8612419ca823694258,python,ok,1,python,pytest,true,false,35,0,35,0,,,,"",6.93,
376019598,376019602,126,a8b488ba05b06cde2658ff8612419ca823694258,python,ok,3,python,pytest,true,false,35,0,35,0,,,,"",9.95,
378170937,378170938,127,0852dd13b9f05dd61e6bc25f31b2927a9ff921cd,python,ok,0,python,pytest,true,false,35,0,35,0,,,,"",8.42,
378170937,378170939,127,0852dd13b9f05dd61e6bc25f31b2927a9ff921cd,python,ok,1,python,pytest,true,false,35,0,35,0,,,,"",10.0,
378170937,378170940,127,0852dd13b9f05dd61e6bc25f31b2927a9ff921cd,python,ok,0,python,pytest,true,false,35,0,35,0,,,,"",6.14,
384047992,384047993,128,4f1382523afb2f3cedf390bdf78e72f898dcdf8b,python,ok,1,python,pytest,true,false,35,0,35,0,,,,"",9.15,
384047992,384047994,128,4f1382523afb2f3cedf390bdf78e72f898dcdf8b,python,ok,0,python,pytest,true,false,35,0,35,0,,,,"",6.02,
384047992,384047995,128,4f1382523afb2f3cedf390bdf78e72f898dcdf8b,python,ok,1,python,pytest,true,false,35,0,35,0,,,,"",13.57,
384357218,384357219,129,c2b5253a8576e7d99bbe9fddb4eaef2c71eb6435,python,ok,0,python,pytest,true,false,35,0,35,0,,,,"",8.48,
384357218,384357220,129,c2b5253a8576e7d99bbe9fddb4eaef2c71eb6435,python,ok,2,python,pytest,true,false,35,0,35,0,,,,"",6.63,
384357218,384357221,129,c2b5253a8576e7d99bbe9fddb4eaef2c71eb6435,python,ok,1,python,pytest,true,false,35,0,35,0,,,,"",6.03,
39528413,39528414,12,394812316c5ec897f38a7c3e3a63fddb8ad76347,python,ok,,python,pytest,true,false,15,0,15,0,,,,"",3.03,
39528413,39528415,12,394812316c5ec897f38a7c3e3a63fddb8ad76347,python,ok,,python,pytest,true,false,15,0,15,0,,,,"",4.49,
384357515,384357516,130,dcafe45bea564c87d22468b6f9554a8a1f8c17ad,python,ok,0,python,pytest,true,false,35,0,35,0,,,,"",7.94,
384357515,384357517,130,dcafe45bea564c87d22468b6f9554a8a1f8c17ad,python,ok,1,python,pytest,true,false,35,0,35,0,,,,"",6.43,
384357515,384357518,130,dcafe45bea564c87d22468b6f9554a8a1f8c17ad,python,ok,2,python,pytest,true,false,35,0,35,0,,,,"",7.34,
384357831,384357832,131,b3ebba3ed2a77f9739820a58a0f201ff64b89a03,python,ok,0,python,pytest,true,false,35,0,35,0,,,,"",10.45,
384357831,384357833,131,b3ebba3ed2a77f9739820a58a0f201ff64b89a03,python,ok,0,python,pytest,true,false,35,0,35,0,,,,"",9.32,
384357831,384357834,131,b3ebba3ed2a77f9739820a58a0f201ff64b89a03,python,ok,0,python,pytest,true,false,35,0,35,0,,,,"",5.99,
405920348,405920349,132,93dacb8cd18ac130bd3e494a1875bade0aa862c6,python,ok,0,python,pytest,true,false,35,0,35,0,,,,"",7.67,
405920348,405920350,132,93dacb8cd18ac130bd3e494a1875bade0aa862c6,python,ok,0,python,pytest,true,false,35,0,35,0,,,,"",8.02,
405920348,405920352,132,93dacb8cd18ac130bd3e494a1875bade0aa862c6,python,ok,0,python,pytest,true,false,35,0,35,0,,,,"",6.58,
408619990,408619991,133,ce35da554d1972c5de19e65ff427470d315fc18c,python,ok,1,python,pytest,true,false,35,0,35,0,,,,"",22.56,
408619990,408619992,133,ce35da554d1972c5de19e65ff427470d315fc18c,python,ok,0,python,pytest,true,false,35,0,35,0,,,,"",7.41,
408619990,408619993,133,ce35da554d1972c5de19e65ff427470d315fc18c,python,ok,0,python,pytest,true,false,35,0,35,0,,,,"",6.13,
437655367,437655368,134,5e3b27efe677421160f587d118b6eea0e35a2ec3,python,ok,1,python,pytest,true,false,35,0,35,0,,,,"",11.66,
437655367,437655369,134,5e3b27efe677421160f587d118b6eea0e35a2ec3,python,ok,0,python,pytest,true,false,35,0,35,0,,,,"",5.8,
437655367,437655370,134,5e3b27efe677421160f587d118b6eea0e35a2ec3,python,ok,0,python,pytest,true,false,35,0,35,0,,,,"",10.77,
447840266,447840267,135,559dc304beae7b0c6ccaf8ddd98a1ac40412a533,python,ok,1,python,pytest,true,false,35,0,35,0,,,,"",12.83,
447840266,447840268,135,559dc304beae7b0c6ccaf8ddd98a1ac40412a533,python,ok,1,python,pytest,true,false,35,0,35,0,,,,"",8.57,
447840266,447840269,135,559dc304beae7b0c6ccaf8ddd98a1ac40412a533,python,ok,2,python,pytest,true,false,35,0,35,0,,,,"",10.33,
447990736,447990737,136,0c34e7c510379e4b3714c069799f3c6ae90a9825,python,ok,1,python,pytest,true,false,35,0,35,0,,,,"",13.97,
447990736,447990738,136,0c34e7c510379e4b3714c069799f3c6ae90a9825,python,ok,0,python,pytest,true,false,35,0,35,0,,,,"",7.41,
447990736,447990739,136,0c34e7c510379e4b3714c069799f3c6ae90a9825,python,ok,0,python,pytest,true,false,35,0,35,0,,,,"",6.5,
447991009,447991010,137,0c34e7c510379e4b3714c069799f3c6ae90a9825,python,ok,1,python,pytest,true,false,35,0,35,0,,,,"",10.78,
447991009,447991011,137,0c34e7c510379e4b3714c069799f3c6ae90a9825,python,ok,1,python,pytest,true,false,35,0,35,0,,,,"",6.04,
447991009,447991012,137,0c34e7c510379e4b3714c069799f3c6ae90a9825,python,ok,1,python,pytest,true,false,35,0,35,0,,,,"",10.89,
448015088,448015089,138,d173e3f096505446caad9aa83b599a31470b0de8,python,ok,0,python,pytest,true,false,35,0,35,0,,,,"",12.17,
448015088,448015090,138,d173e3f096505446caad9aa83b599a31470b0de8,python,ok,0,python,pytest,true,false,35,0,35,0,,,,"",7.76,
448015088,448015091,138,d173e3f096505446caad9aa83b599a31470b0de8,python,ok,0,python,pytest,true,false,35,0,35,0,,,,"",11.15,
461467027,461467028,139,225f776b6f9fab29e0cc8e422023df5620a4081c,python,ok,4,python,pytest,true,false,35,0,35,0,,,,"",8.27,
461467027,461467029,139,225f776b6f9fab29e0cc8e422023df5620a4081c,python,ok,0,python,pytest,true,false,35,0,35,0,,,,"",6.06,
461467027,461467030,139,225f776b6f9fab29e0cc8e422023df5620a4081c,python,ok,4,python,pytest,true,false,35,0,35,0,,,,"",10.28,
39528564,39528565,13,b247877e48921fae97eae2c812a4b13645f9bcb8,python,ok,,python,pytest,true,false,15,0,15,0,,,,"",3.25,
39528564,39528566,13,b247877e48921fae97eae2c812a4b13645f9bcb8,python,ok,,python,pytest,true,false,15,0,15,0,,,,"",3.37,
461471307,461471308,140,6b017c00d89ae95eb214a8c0c3271d8a2df5b942,python,ok,1,python,pytest,true,false,36,0,36,0,,,,"",8.66,
461471307,461471309,140,6b017c00d89ae95eb214a8c0c3271d8a2df5b942,python,ok,0,python,pytest,true,false,36,0,36,0,,,,"",6.21,
461471307,461471310,140,6b017c00d89ae95eb214a8c0c3271d8a2df5b942,python,ok,1,python,pytest,true,false,36,0,36,0,,,,"",6.84,
461471954,461471955,141,977e4263b2d8bbd36851bf40f492bccfc8b28fc5,python,ok,0,python,pytest,true,false,36,0,36,0,,,,"",22.81,
461471954,461471956,141,977e4263b2d8bbd36851bf40f492bccfc8b28fc5,python,ok,0,python,pytest,true,false,36,0,36,0,,,,"",7.31,
461471954,461471957,141,977e4263b2d8bbd36851bf40f492bccfc8b28fc5,python,ok,0,python,pytest,true,false,36,0,36,0,,,,"",10.83,
477504737,477504738,142,977e4263b2d8bbd36851bf40f492bccfc8b28fc5,unknown,unknown,,plain,"",false,,,,,,,,,"",,
477504737,477504739,142,977e4263b2d8bbd36851bf40f492bccfc8b28fc5,python,unknown,1,python,pytest,true,false,36,0,36,0,,,,"",5.36,
477504737,477504740,142,977e4263b2d8bbd36851bf40f492bccfc8b28fc5,unknown,unknown,,plain,"",false,,,,,,,,,"",,
477504741,477504742,143,547669ed673fc4827ed07de46980020d9dfeebe5,python,unknown,4,python,"",false,,,,,,,,,"",,
477504741,477504743,143,547669ed673fc4827ed07de46980020d9dfeebe5,python,ok,2,python,pytest,true,false,36,0,36,0,,,,"",5.82,
477504741,477504744,143,547669ed673fc4827ed07de46980020d9dfeebe5,python,ok,1,python,pytest,true,false,36,0,36,0,,,,"",5.08,
477504749,477504750,144,20f4d57642cbf4e325d2cbc421d0aabdf6504ddb,python,ok,0,python,pytest,true,false,36,0,36,0,,,,"",6.69,
477504749,477504751,144,20f4d57642cbf4e325d2cbc421d0aabdf6504ddb,python,ok,0,python,pytest,true,false,36,0,36,0,,,,"",4.99,
477504749,477504752,144,20f4d57642cbf4e325d2cbc421d0aabdf6504ddb,python,ok,1,python,pytest,true,false,36,0,36,0,,,,"",4.98,
477504759,477504760,145,977e4263b2d8bbd36851bf40f492bccfc8b28fc5,unknown,unknown,,plain,"",false,,,,,,,,,"",,
477504759,477504761,145,977e4263b2d8bbd36851bf40f492bccfc8b28fc5,unknown,unknown,,plain,"",false,,,,,,,,,"",,
477504759,477504762,145,977e4263b2d8bbd36851bf40f492bccfc8b28fc5,unknown,unknown,,plain,"",false,,,,,,,,,"",,
477504765,477504766,146,3bd44075ed4bc43c6addcbf0b11d95e79c45148d,unknown,unknown,,plain,"",false,,,,,,,,,"",,
477504765,477504767,146,3bd44075ed4bc43c6addcbf0b11d95e79c45148d,unknown,unknown,,plain,"",false,,,,,,,,,"",,
477504765,477504768,146,3bd44075ed4bc43c6addcbf0b11d95e79c45148d,unknown,unknown,,plain,"",false,,,,,,,,,"",,
477504800,477504801,147,9db9bfadd14196667e7647877a22e974ae4d7bf4,unknown,unknown,,plain,"",false,,,,,,,,,"",,
477504800,477504802,147,9db9bfadd14196667e7647877a22e974ae4d7bf4,unknown,unknown,,plain,"",false,,,,,,,,,"",,
477504800,477504803,147,9db9bfadd14196667e7647877a22e974ae4d7bf4,unknown,unknown,,plain,"",false,,,,,,,,,"",,
477504808,477504809,148,6c4c3bb403465c92c4bfae483f617e2e4d29d414,unknown,unknown,,plain,"",false,,,,,,,,,"",,
477504808,477504810,148,6c4c3bb403465c92c4bfae483f617e2e4d29d414,unknown,unknown,,plain,"",false,,,,,,,,,"",,
477504808,477504811,148,6c4c3bb403465c92c4bfae483f617e2e4d29d414,unknown,unknown,,plain,"",false,,,,,,,,,"",,
477504812,477504813,149,852008e3d3f95fc17cc27cd457cb3af3945a2661,unknown,unknown,,plain,"",false,,,,,,,,,"",,
477504812,477504814,149,852008e3d3f95fc17cc27cd457cb3af3945a2661,unknown,unknown,,plain,"",false,,,,,,,,,"",,
477504812,477504815,149,852008e3d3f95fc17cc27cd457cb3af3945a2661,unknown,unknown,,plain,"",false,,,,,,,,,"",,
39528595,39528596,14,2796654428da917e371303ce87834a1264567323,python,ok,,python,pytest,true,false,15,0,15,0,,,,"",5.14,
39528595,39528597,14,2796654428da917e371303ce87834a1264567323,python,ok,,python,pytest,true,false,15,0,15,0,,,,"",3.83,
477504822,477504823,150,ad0bbb47928559f091ba38e2a896e2eb2057f313,unknown,unknown,,plain,"",false,,,,,,,,,"",,
477504822,477504824,150,ad0bbb47928559f091ba38e2a896e2eb2057f313,unknown,unknown,,plain,"",false,,,,,,,,,"",,
477504822,477504825,150,ad0bbb47928559f091ba38e2a896e2eb2057f313,unknown,unknown,,plain,"",false,,,,,,,,,"",,
477504830,477504831,151,5ff6372c88be3cedd1bd2cb2812f242a116dc3f2,unknown,unknown,,plain,"",false,,,,,,,,,"",,
477504830,477504832,151,5ff6372c88be3cedd1bd2cb2812f242a116dc3f2,unknown,unknown,,plain,"",false,,,,,,,,,"",,
477504830,477504833,151,5ff6372c88be3cedd1bd2cb2812f242a116dc3f2,unknown,unknown,,plain,"",false,,,,,,,,,"",,
477504863,477504864,152,fbf23ca6a95b7393be2ef183c1a74498767bbe41,unknown,unknown,,plain,"",false,,,,,,,,,"",,
477504863,477504865,152,fbf23ca6a95b7393be2ef183c1a74498767bbe41,unknown,unknown,,plain,"",false,,,,,,,,,"",,
477504863,477504866,152,fbf23ca6a95b7393be2ef183c1a74498767bbe41,unknown,unknown,,plain,"",false,,,,,,,,,"",,
477504880,477504881,153,336bd5f032b43310cf1d1ea486e34aad3e711de0,unknown,unknown,,plain,"",false,,,,,,,,,"",,
477504880,477504882,153,336bd5f032b43310cf1d1ea486e34aad3e711de0,unknown,unknown,,plain,"",false,,,,,,,,,"",,
477504880,477504883,153,336bd5f032b43310cf1d1ea486e34aad3e711de0,unknown,unknown,,plain,"",false,,,,,,,,,"",,
477504888,477504889,154,6052009a5dcddf3d5919187270ea93eb240c4712,python,ok,1,python,pytest,true,false,36,0,36,0,,,,"",7.81,
477504888,477504890,154,6052009a5dcddf3d5919187270ea93eb240c4712,python,ok,1,python,pytest,true,false,36,0,36,0,,,,"",5.58,
477504888,477504891,154,6052009a5dcddf3d5919187270ea93eb240c4712,python,ok,1,python,pytest,true,false,36,0,36,0,,,,"",5.11,
477504922,477504923,155,8e20f54f133702d75d929880a200f8375ebad7a0,python,ok,0,python,pytest,true,false,36,0,36,0,,,,"",6.35,
477504922,477504924,155,8e20f54f133702d75d929880a200f8375ebad7a0,python,ok,0,python,pytest,true,false,36,0,36,0,,,,"",6.21,
477504922,477504925,155,8e20f54f133702d75d929880a200f8375ebad7a0,python,ok,0,python,pytest,true,false,36,0,36,0,,,,"",6.63,
477506535,477506536,156,546bfffa36571829b52c681095ba34082b68f492,python,ok,1,python,pytest,true,false,36,0,36,0,,,,"",6.74,
477506535,477506537,156,546bfffa36571829b52c681095ba34082b68f492,python,ok,1,python,pytest,true,false,36,0,36,0,,,,"",5.3,
477506535,477506538,156,546bfffa36571829b52c681095ba34082b68f492,python,ok,2,python,pytest,true,false,36,0,36,0,,,,"",5.25,
477508649,477508650,157,7f9153a70ab898b1044fb289562e44e8e77acac8,python,ok,1,python,pytest,true,false,36,0,36,0,,,,"",8.09,
477508649,477508651,157,7f9153a70ab898b1044fb289562e44e8e77acac8,python,ok,1,python,pytest,true,false,36,0,36,0,,,,"",5.34,
477508649,477508652,157,7f9153a70ab898b1044fb289562e44e8e77acac8,python,ok,1,python,pytest,true,false,36,0,36,0,,,,"",5.25,
477627074,477627075,158,9962e6df1bc7aebd57fb95ad7b0d9c20e1edeb6a,python,ok,1,python,pytest,true,false,36,0,36,0,,,,"",6.41,
477627074,477627076,158,9962e6df1bc7aebd57fb95ad7b0d9c20e1edeb6a,python,ok,1,python,pytest,true,false,36,0,36,0,,,,"",5.26,
477627074,477627077,158,9962e6df1bc7aebd57fb95ad7b0d9c20e1edeb6a,python,ok,1,python,pytest,true,false,36,0,36,0,,,,"",5.47,
477933072,477933073,159,dcc23a0b5932b803f4756bb2f7c6dc036eaaa550,python,ok,1,python,pytest,true,false,36,0,36,0,,,,"",6.43,
477933072,477933074,159,dcc23a0b5932b803f4756bb2f7c6dc036eaaa550,python,ok,1,python,pytest,true,false,36,0,36,0,,,,"",5.42,
477933072,477933075,159,dcc23a0b5932b803f4756bb2f7c6dc036eaaa550,python,ok,1,python,pytest,true,false,36,0,36,0,,,,"",4.99,
39635742,39635743,15,3adbe1603b93b55c4702f85f11e6ababf6d991e5,python,ok,,python,pytest,true,false,15,0,15,0,,,,"",4.66,
39635742,39635744,15,3adbe1603b93b55c4702f85f11e6ababf6d991e5,python,ok,,python,pytest,true,false,15,0,15,0,,,,"",4.51,
479467106,479467107,160,df35862be5e3c7f0814c1a10d70386620853e86c,unknown,unknown,,plain,"",false,,,,,,,,,"",,
479467106,479467108,160,df35862be5e3c7f0814c1a10d70386620853e86c,unknown,unknown,,plain,"",false,,,,,,,,,"",,
479467106,479467109,160,df35862be5e3c7f0814c1a10d70386620853e86c,unknown,unknown,,plain,"",false,,,,,,,,,"",,
479467113,479467114,161,d5dc2d96c4a66a3fcd48987054bae4b3c36fa05e,unknown,unknown,,plain,"",false,,,,,,,,,"",,
479467113,479467115,161,d5dc2d96c4a66a3fcd48987054bae4b3c36fa05e,python,unknown,,python,"",false,,,,,,,,,"",,
479467113,479467116,161,d5dc2d96c4a66a3fcd48987054bae4b3c36fa05e,python,unknown,1,python,pytest,true,false,36,0,36,0,,,,"",5.25,
479467120,479467121,162,dcc23a0b5932b803f4756bb2f7c6dc036eaaa550,python,ok,1,python,pytest,true,false,36,0,36,0,,,,"",6.7,
479467120,479467122,162,dcc23a0b5932b803f4756bb2f7c6dc036eaaa550,python,ok,1,python,pytest,true,false,36,0,36,0,,,,"",5.39,
479467120,479467123,162,dcc23a0b5932b803f4756bb2f7c6dc036eaaa550,python,ok,1,python,pytest,true,false,36,0,36,0,,,,"",5.11,
479467289,479467290,163,7b86cc369855364657eefea0f9aced00cd4cdd10,python,ok,0,python,pytest,true,false,36,0,36,0,,,,"",6.65,
479467289,479467292,163,7b86cc369855364657eefea0f9aced00cd4cdd10,python,ok,0,python,pytest,true,false,36,0,36,0,,,,"",6.36,
479467289,479467294,163,7b86cc369855364657eefea0f9aced00cd4cdd10,python,ok,1,python,pytest,true,false,36,0,36,0,,,,"",5.29,
480516011,480516012,164,0eed53d774ff6783abccbe46d7b90074c4053268,python,ok,1,python,pytest,true,false,36,0,36,0,,,,"",6.63,
480516011,480516013,164,0eed53d774ff6783abccbe46d7b90074c4053268,python,ok,1,python,pytest,true,false,36,0,36,0,,,,"",5.48,
480516011,480516014,164,0eed53d774ff6783abccbe46d7b90074c4053268,python,ok,1,python,pytest,true,false,36,0,36,0,,,,"",5.43,
485469775,485469776,165,0eed53d774ff6783abccbe46d7b90074c4053268,unknown,unknown,,plain,"",false,,,,,,,,,"",,
485469775,485469777,165,0eed53d774ff6783abccbe46d7b90074c4053268,unknown,unknown,,plain,"",false,,,,,,,,,"",,
485469775,485469778,165,0eed53d774ff6783abccbe46d7b90074c4053268,unknown,unknown,,plain,"",false,,,,,,,,,"",,
485469787,485469788,166,8e720a637c6fc4ac4ae4bee71396346dc2134e5e,python,ok,1,python,pytest,true,false,36,0,36,0,,,,"",6.38,
485469787,485469789,166,8e720a637c6fc4ac4ae4bee71396346dc2134e5e,python,ok,1,python,pytest,true,false,36,0,36,0,,,,"",6.14,
485469787,485469790,166,8e720a637c6fc4ac4ae4bee71396346dc2134e5e,python,ok,1,python,pytest,true,false,36,0,36,0,,,,"",5.59,
485469821,485469822,167,77194efe35f2cbe0d126d8fd2496f9a60e2045db,python,ok,0,python,pytest,true,false,36,0,36,0,,,,"",7.83,
485469821,485469823,167,77194efe35f2cbe0d126d8fd2496f9a60e2045db,python,ok,0,python,pytest,true,false,36,0,36,0,,,,"",4.73,
485469821,485469824,167,77194efe35f2cbe0d126d8fd2496f9a60e2045db,python,ok,0,python,pytest,true,false,36,0,36,0,,,,"",5.42,
39691749,39691750,16,1f142cf73a14e50e11f26d6be2b8ac101504f1b9,python,ok,,python,pytest,true,false,16,0,16,0,,,,"",4.37,
39691749,39691751,16,1f142cf73a14e50e11f26d6be2b8ac101504f1b9,python,ok,,python,pytest,true,false,16,0,16,0,,,,"",2.78,
39691756,39691757,17,6b33f864f0cb97c44c1ba24fe978ec83adda2573,python,ok,,python,pytest,true,false,23,0,23,0,,,,"",3.55,
39691756,39691758,17,6b33f864f0cb97c44c1ba24fe978ec83adda2573,python,ok,,python,pytest,true,false,23,0,23,0,,,,"",4.57,
40363662,40363663,18,971193c8822289890aa6fd03e6b62b00a4d93a36,python,broken,,python,pytest,true,false,15,0,15,0,,,,"",3.72,
40363662,40363664,18,971193c8822289890aa6fd03e6b62b00a4d93a36,python,broken,,python,pytest,true,false,15,0,15,0,,,,"",4.68,
42728996,42728997,19,354e1bef91b8fa81e03e9a7e25453ea31f5a10fd,python,ok,0,python,pytest,true,false,23,0,23,0,,,,"",6.77,
42728996,42728998,19,354e1bef91b8fa81e03e9a7e25453ea31f5a10fd,python,ok,0,python,pytest,true,false,23,0,23,0,,,,"",4.2,
38952139,38952140,1,2644cd1f8345e249bb5122c0fdfd9540b4ef0fed,python,ok,,python,pytest,true,false,13,0,13,0,,,,"",1.54,
38952139,38952141,1,2644cd1f8345e249bb5122c0fdfd9540b4ef0fed,python,ok,,python,pytest,true,false,13,0,13,0,,,,"",1.35,
50844416,50844417,20,9c1b440f467d82387356ec875795d3a47f88dead,python,ok,0,python,pytest,true,false,23,0,23,0,,,,"",5.67,
50844416,50844418,20,9c1b440f467d82387356ec875795d3a47f88dead,python,ok,0,python,pytest,true,false,23,0,23,0,,,,"",3.77,
54839004,54839005,21,5905ba3432f75b0cda4fdaee699232f67d66651e,python,ok,0,python,pytest,true,false,23,0,23,0,,,,"",4.95,
54839004,54839006,21,5905ba3432f75b0cda4fdaee699232f67d66651e,python,ok,0,python,pytest,true,false,23,0,23,0,,,,"",3.83,
56301437,56301438,22,3800b520368628c9fc8cda8fa861dff88193d13a,python,ok,0,python,pytest,true,false,23,0,23,0,,,,"",3.57,
56301437,56301439,22,3800b520368628c9fc8cda8fa861dff88193d13a,python,ok,0,python,pytest,true,false,23,0,23,0,,,,"",3.18,
58915729,58915730,23,4519f199043a10adde828912c7f56c8205c56531,python,ok,0,python,pytest,true,false,24,0,24,0,,,,"",5.74,
58915729,58915731,23,4519f199043a10adde828912c7f56c8205c56531,python,broken,0,python,pytest,true,true,23,1,24,0,,,,test_get_automap_collection,4.58,
61845604,61845605,24,7338c8ba5a4b6164e181966ac6c7bcd475495c6b,python,ok,0,python,pytest,true,false,24,0,24,0,,,,"",4.84,
61845604,61845606,24,7338c8ba5a4b6164e181966ac6c7bcd475495c6b,python,broken,0,python,pytest,true,true,23,1,24,0,,,,test_get_automap_collection,4.45,
74849070,74849071,25,79126b03c1c144f7749d127e39b8959f5a765886,python,broken,0,python,pytest,true,true,23,1,24,0,,,,test_get_automap_collection,6.24,
74849070,74849072,25,79126b03c1c144f7749d127e39b8959f5a765886,python,broken,0,python,pytest,true,true,23,1,24,0,,,,test_get_automap_collection,4.57,
74849409,74849410,26,e9487f9c48e71c6633a87607983ea059cb71fdbe,python,ok,0,python,pytest,true,false,24,0,24,0,,,,"",3.82,
74849409,74849411,26,e9487f9c48e71c6633a87607983ea059cb71fdbe,python,ok,0,python,pytest,true,false,24,0,24,0,,,,"",5.24,
74856495,74856496,27,e749d4a650133a57681a64fa680414c08e1b9b27,python,unknown,0,python,"",false,,,,,,,,,"",,
74856495,74856497,27,e749d4a650133a57681a64fa680414c08e1b9b27,python,unknown,0,python,"",false,,,,,,,,,"",,
76921683,76921684,28,65a0286f0e680e23e3912d755961c9f241315231,python,broken,0,python,"",false,,,,,,,,,"",,
76921683,76921685,28,65a0286f0e680e23e3912d755961c9f241315231,python,broken,0,python,"",false,,,,,,,,,"",,
77855942,77855943,29,4826cee70c7139a1a544f9d6e99ad91dbe62e4b7,python,ok,0,python,pytest,true,false,38,0,38,0,,,,"",9.76,
77855942,77855944,29,4826cee70c7139a1a544f9d6e99ad91dbe62e4b7,python,ok,0,python,pytest,true,false,38,0,38,0,,,,"",6.52,
39280065,39280066,2,cc511b92e75e93c053f221a7b8dac2a8dbc41f57,python,ok,,python,pytest,true,false,13,0,13,0,,,,"",1.56,
39280065,39280067,2,cc511b92e75e93c053f221a7b8dac2a8dbc41f57,python,ok,,python,pytest,true,false,13,0,13,0,,,,"",1.54,
77865475,77865476,30,1fe7a491ee0b882308cb3f82062530d7abf9dfce,python,broken,0,python,"",false,,,,,,,,,"",,
77865475,77865477,30,1fe7a491ee0b882308cb3f82062530d7abf9dfce,python,broken,0,python,"",false,,,,,,,,,"",,
77865555,77865556,31,8d0fb9e9ee2744f73300b0ef92f778a500711ced,python,broken,0,python,pytest,true,true,38,1,39,0,,,,test_get_automap_collection,11.37,
77865555,77865557,31,8d0fb9e9ee2744f73300b0ef92f778a500711ced,python,broken,0,python,pytest,true,true,38,1,39,0,,,,test_get_automap_collection,6.24,
77865915,77865916,32,2bfadaa1e009c4d4a00b26462319a7a16d26597d,python,ok,0,python,pytest,true,false,40,0,40,0,,,,"",7.32,
77865915,77865917,32,2bfadaa1e009c4d4a00b26462319a7a16d26597d,python,ok,0,python,pytest,true,false,40,0,40,0,,,,"",6.7,
77872203,77872204,33,e76d7b814430b1a9d7c20ee7e0579d552374e15f,python,ok,0,python,pytest,true,false,43,0,43,0,,,,"",11.02,
77872203,77872205,33,e76d7b814430b1a9d7c20ee7e0579d552374e15f,python,ok,0,python,pytest,true,false,43,0,43,0,,,,"",10.85,
77930591,77930592,34,2ed541c1e80c1cf1087f2529474450c0b1197d20,python,ok,0,python,pytest,true,false,24,0,24,0,,,,"",5.74,
77930591,77930593,34,2ed541c1e80c1cf1087f2529474450c0b1197d20,python,broken,0,python,pytest,true,true,23,1,24,0,,,,test_get_automap_collection,4.16,
78293312,78293313,35,0fc9848897549ed2b41c52f67b428a41f5d185cd,python,ok,0,python,pytest,true,false,43,0,43,0,,,,"",13.89,
78293312,78293314,35,0fc9848897549ed2b41c52f67b428a41f5d185cd,python,ok,0,python,pytest,true,false,43,0,43,0,,,,"",7.17,
78686210,78686211,36,3014d29e747036dcc1644813ae3e9437963d8d2c,python,broken,0,python,pytest,true,true,43,1,44,0,,,,test_get_automap_collection,10.62,
78686210,78686212,36,3014d29e747036dcc1644813ae3e9437963d8d2c,python,broken,0,python,pytest,true,true,43,1,44,0,,,,test_get_automap_collection,7.28,
78686760,78686761,37,518e59864b842aedf1a83bfe4033357df33fd983,python,ok,0,python,pytest,true,false,44,0,44,0,,,,"",7.82,
78686760,78686762,37,518e59864b842aedf1a83bfe4033357df33fd983,python,ok,0,python,pytest,true,false,44,0,44,0,,,,"",7.38,
79348080,79348081,38,f8ad16d052553940df2bb901e7e75b31dae74b79,python,broken,0,python,pytest,true,true,23,1,24,0,,,,test_get_automap_collection,5.48,
79348080,79348082,38,f8ad16d052553940df2bb901e7e75b31dae74b79,python,broken,0,python,pytest,true,true,23,1,24,0,,,,test_get_automap_collection,4.37,
80731379,80731380,39,5d2b041ad7bddb44cd9bd88fe52ee1a071113e81,python,broken,0,python,pytest,true,true,23,1,24,0,,,,test_get_automap_collection,4.27,
80731379,80731381,39,5d2b041ad7bddb44cd9bd88fe52ee1a071113e81,python,broken,1,python,pytest,true,true,23,1,24,0,,,,test_get_automap_collection,4.91,
39282100,39282101,3,bcd14023ae7fc2f7d5dca89aec65b9b1e300ea18,python,ok,,python,pytest,true,false,13,0,13,0,,,,"",2.15,
39282100,39282102,3,bcd14023ae7fc2f7d5dca89aec65b9b1e300ea18,python,ok,,python,pytest,true,false,13,0,13,0,,,,"",1.96,
80731976,80731977,40,d1cb0c726e465c76c2412dc0c9b157e0808e475e,python,broken,0,python,pytest,true,true,23,1,24,0,,,,test_get_automap_collection,4.59,
80731976,80731978,40,d1cb0c726e465c76c2412dc0c9b157e0808e475e,python,broken,0,python,pytest,true,true,23,1,24,0,,,,test_get_automap_collection,3.99,
80735572,80735574,41,aac4c2738c33f7cbcc6f7df24673f9196b64b003,python,broken,1,python,pytest,true,true,23,1,24,0,,,,test_get_automap_collection,6.17,
80735572,80735576,41,aac4c2738c33f7cbcc6f7df24673f9196b64b003,python,broken,1,python,pytest,true,true,23,1,24,0,,,,test_get_automap_collection,4.6,
80736118,80736119,42,912ff663add225724509d4555133dcf9337bc063,python,ok,0,python,pytest,true,false,24,0,24,0,,,,"",5.31,
80736118,80736121,42,912ff663add225724509d4555133dcf9337bc063,python,ok,0,python,pytest,true,false,24,0,24,0,,,,"",3.76,
80737876,80737877,43,8f59ae6a7e00e3af61612c537f7fb1374e089f6a,python,ok,0,python,pytest,true,false,24,0,24,0,,,,"",4.18,
80737876,80737878,43,8f59ae6a7e00e3af61612c537f7fb1374e089f6a,python,ok,0,python,pytest,true,false,24,0,24,0,,,,"",3.87,
80738086,80738087,44,29eacba28bd0aa84045a841e6941b79180832869,python,ok,0,python,pytest,true,false,24,0,24,0,,,,"",3.89,
80738086,80738088,44,29eacba28bd0aa84045a841e6941b79180832869,python,ok,1,python,pytest,true,false,24,0,24,0,,,,"",4.75,
80739160,80739161,45,c779089ec10e87e707b2ac8589fbb1ff75f83eca,python,ok,0,python,pytest,true,false,24,0,24,0,,,,"",3.95,
80739160,80739162,45,c779089ec10e87e707b2ac8589fbb1ff75f83eca,python,ok,1,python,pytest,true,false,24,0,24,0,,,,"",5.22,
80745738,80745739,46,d54ec0924f1fc5e06440b949e8d56be6d1ae9ff4,python,ok,1,python,pytest,true,false,28,0,28,0,,,,"",5.11,
80745738,80745740,46,d54ec0924f1fc5e06440b949e8d56be6d1ae9ff4,python,broken,0,python,"",false,,,,,,,,,"",,
80844955,80844956,47,f74d98da41e733ce01af4b020c2edf2ca9549e72,python,ok,0,python,pytest,true,false,28,0,28,0,,,,"",4.91,
80844955,80844958,47,f74d98da41e733ce01af4b020c2edf2ca9549e72,python,ok,1,python,pytest,true,false,28,0,28,0,,,,"",5.62,
80855581,80855582,48,fa5a3c595cf244c9edb53a9aac56c3bf45db3875,python,ok,1,python,pytest,true,false,28,0,28,0,,,,"",5.17,
80855581,80855583,48,fa5a3c595cf244c9edb53a9aac56c3bf45db3875,python,ok,1,python,pytest,true,false,28,0,28,0,,,,"",6.0,
87526106,87526107,49,cf4c826973092d2cdae9dbbee475dd3aa06d43e0,python,ok,0,python,pytest,true,false,28,0,28,0,,,,"",4.89,
87526106,87526108,49,cf4c826973092d2cdae9dbbee475dd3aa06d43e0,python,ok,0,python,pytest,true,false,28,0,28,0,,,,"",5.18,
39308975,39308976,4,5c2dadcbc53a45d534fa37d77c7622a24de8f69b,python,ok,,python,pytest,true,false,13,0,13,0,,,,"",0.99,
39308975,39308977,4,5c2dadcbc53a45d534fa37d77c7622a24de8f69b,python,ok,,python,pytest,true,false,13,0,13,0,,,,"",1.59,
87675565,87675566,50,860439371879ee2ecf860889768c6da302f98d9d,python,ok,1,python,pytest,true,false,28,0,28,0,,,,"",5.44,
87675565,87675567,50,860439371879ee2ecf860889768c6da302f98d9d,python,ok,0,python,pytest,true,false,28,0,28,0,,,,"",5.03,
98593920,98593921,51,5ce7564e1df077acca2c943b48b122b10801909d,python,ok,0,python,pytest,true,false,28,0,28,0,,,,"",4.87,
98593920,98593923,51,5ce7564e1df077acca2c943b48b122b10801909d,python,ok,1,python,pytest,true,false,28,0,28,0,,,,"",4.46,
100202418,100202419,52,6613acbd21d311765c7ff465c6b22f4e53f16083,python,ok,0,python,pytest,true,false,28,0,28,0,,,,"",5.18,
100202418,100202420,52,6613acbd21d311765c7ff465c6b22f4e53f16083,python,ok,0,python,pytest,true,false,28,0,28,0,,,,"",4.59,
100213821,100213822,53,04ab372b6cae9dceba08ffb3951ac063c6084f02,python,ok,0,python,pytest,true,false,28,0,28,0,,,,"",5.73,
100213821,100213823,53,04ab372b6cae9dceba08ffb3951ac063c6084f02,python,ok,0,python,pytest,true,false,28,0,28,0,,,,"",7.2,
102350246,102350247,54,890133b378fc13f4187ebf049f088f5c9d04fb0c,python,broken,0,python,pytest,true,false,0,0,0,0,,,,"",4.9,
102350246,102350248,54,890133b378fc13f4187ebf049f088f5c9d04fb0c,python,broken,0,python,pytest,true,false,0,0,0,0,,,,"",5.6,
102351470,102351471,55,9ba45feb71a5aa6ae0e32600ab6c04fe40536aae,python,broken,2,python,pytest,true,false,0,0,0,0,,,,"",4.64,
102351470,102351472,55,9ba45feb71a5aa6ae0e32600ab6c04fe40536aae,python,broken,1,python,pytest,true,false,0,0,0,0,,,,"",5.4,
102353374,102353375,56,060c96b47391439d7b9d51089cbf77040ec02631,python,ok,0,python,pytest,true,false,28,0,28,0,,,,"",6.13,
102353374,102353376,56,060c96b47391439d7b9d51089cbf77040ec02631,python,ok,0,python,pytest,true,false,28,0,28,0,,,,"",5.69,
102357674,102357675,57,4b7e0c62602ddb95e444cac2facbad0475388525,python,ok,1,python,pytest,true,false,28,0,28,0,,,,"",9.15,
102357674,102357676,57,4b7e0c62602ddb95e444cac2facbad0475388525,python,ok,1,python,pytest,true,false,28,0,28,0,,,,"",5.08,
102358253,102358254,58,36cf495138246cb3fdb9c6df1fb20e60e7b151e1,python,ok,0,python,pytest,true,false,28,0,28,0,,,,"",6.03,
102358253,102358256,58,36cf495138246cb3fdb9c6df1fb20e60e7b151e1,python,ok,0,python,pytest,true,false,28,0,28,0,,,,"",4.55,
102401095,102401096,59,d35bf02439b7255d7e20766184c6553590df829a,python,ok,0,python,pytest,true,false,28,0,28,0,,,,"",5.02,
102401095,102401097,59,d35bf02439b7255d7e20766184c6553590df829a,python,ok,0,python,pytest,true,false,28,0,28,0,,,,"",5.76,
39393902,39393903,5,263d81c67b5a1021426eddf8cbfa438752906418,python,ok,,python,pytest,true,false,13,0,13,0,,,,"",1.23,
39393902,39393905,5,263d81c67b5a1021426eddf8cbfa438752906418,python,ok,,python,pytest,true,false,13,0,13,0,,,,"",2.1,
102552560,102552561,60,95cf4729b96239d738d867f5231275844fdb1418,python,ok,0,python,pytest,true,false,28,0,28,0,,,,"",6.69,
102552560,102552563,60,95cf4729b96239d738d867f5231275844fdb1418,python,ok,0,python,pytest,true,false,28,0,28,0,,,,"",6.2,
102552560,102552564,60,95cf4729b96239d738d867f5231275844fdb1418,python,ok,0,python,pytest,true,false,28,0,28,0,,,,"",6.08,
104132375,104132376,61,07ad2f0a397162c26056ee3f670f401a8e6b5b3f,python,ok,2,python,pytest,true,false,28,0,28,0,,,,"",5.23,
104132375,104132377,61,07ad2f0a397162c26056ee3f670f401a8e6b5b3f,python,ok,4,python,pytest,true,false,28,0,28,0,,,,"",4.55,
104132410,104132411,62,a3592c5c53742a991bbd1fbbab09bb788e9f68f8,python,ok,0,python,pytest,true,false,28,0,28,0,,,,"",4.96,
104132410,104132412,62,a3592c5c53742a991bbd1fbbab09bb788e9f68f8,python,ok,1,python,pytest,true,false,28,0,28,0,,,,"",5.16,
104132410,104132413,62,a3592c5c53742a991bbd1fbbab09bb788e9f68f8,python,ok,3,python,pytest,true,false,28,0,28,0,,,,"",5.32,
104145776,104145777,63,8411b280b4f95b2d2e6449efdabef39f89945b51,python,ok,1,python,pytest,true,false,28,0,28,0,,,,"",5.02,
104145776,104145778,63,8411b280b4f95b2d2e6449efdabef39f89945b51,python,ok,0,python,pytest,true,false,28,0,28,0,,,,"",4.65,
104145776,104145779,63,8411b280b4f95b2d2e6449efdabef39f89945b51,python,ok,1,python,pytest,true,false,28,0,28,0,,,,"",4.38,
125489868,125489869,64,06cc052dfdece1bc03562b4eb933270994a22a15,python,ok,0,python,pytest,true,false,28,0,28,0,,,,"",6.81,
125489868,125489870,64,06cc052dfdece1bc03562b4eb933270994a22a15,python,ok,0,python,pytest,true,false,28,0,28,0,,,,"",4.85,
125489868,125489871,64,06cc052dfdece1bc03562b4eb933270994a22a15,python,ok,0,python,pytest,true,false,28,0,28,0,,,,"",5.17,
146757471,146757472,65,81a9564ae79a890a8ab2924d372eb89657fa091a,python,broken,0,python,pytest,true,true,25,3,28,0,,,,test_get_resource#test_get_collection#test_etag_not_modified,8.1,
146757471,146757474,65,81a9564ae79a890a8ab2924d372eb89657fa091a,python,broken,0,python,pytest,true,true,25,3,28,0,,,,test_get_resource#test_get_collection#test_etag_not_modified,7.92,
146757471,146757475,65,81a9564ae79a890a8ab2924d372eb89657fa091a,python,broken,0,python,pytest,true,true,25,3,28,0,,,,test_get_resource#test_get_collection#test_etag_not_modified,4.76,
146763549,146763550,66,ee96abfe6c17f7814e500984106073580805145e,python,broken,0,python,pytest,true,true,26,3,29,0,,,,test_get_resource#test_get_collection#test_etag_not_modified,6.02,
146763549,146763551,66,ee96abfe6c17f7814e500984106073580805145e,python,broken,1,python,pytest,true,true,26,3,29,0,,,,test_get_resource#test_get_collection#test_etag_not_modified,7.1,
146763549,146763552,66,ee96abfe6c17f7814e500984106073580805145e,python,broken,1,python,pytest,true,true,26,3,29,0,,,,test_get_resource#test_get_collection#test_etag_not_modified,6.7,
146767297,146767298,67,ed1a5fb6fb6beba0fa764eb4bf758f3028d8a30a,python,broken,1,python,pytest,true,true,27,3,30,0,,,,test_get_resource#test_get_collection#test_etag_not_modified,11.4,
146767297,146767299,67,ed1a5fb6fb6beba0fa764eb4bf758f3028d8a30a,python,broken,1,python,pytest,true,true,27,3,30,0,,,,test_get_resource#test_get_collection#test_etag_not_modified,8.92,
146767297,146767300,67,ed1a5fb6fb6beba0fa764eb4bf758f3028d8a30a,python,broken,0,python,pytest,true,true,27,3,30,0,,,,test_get_resource#test_get_collection#test_etag_not_modified,5.85,
146769494,146769495,68,6f7b0ede9920d72f7035482064411d5c9a23ee97,python,ok,1,python,pytest,true,false,30,0,30,0,,,,"",5.85,
146769494,146769496,68,6f7b0ede9920d72f7035482064411d5c9a23ee97,python,ok,0,python,pytest,true,false,30,0,30,0,,,,"",7.99,
146769494,146769497,68,6f7b0ede9920d72f7035482064411d5c9a23ee97,python,ok,0,python,pytest,true,false,30,0,30,0,,,,"",5.15,
146770020,146770021,69,203ceebd3fda4096f3cddc2b76e301039eb0ef90,python,broken,0,python,"",false,,,,,,,,,"",,
146770020,146770022,69,203ceebd3fda4096f3cddc2b76e301039eb0ef90,python,broken,0,python,"",false,,,,,,,,,"",,
146770020,146770023,69,203ceebd3fda4096f3cddc2b76e301039eb0ef90,python,broken,0,python,"",false,,,,,,,,,"",,
39394004,39394005,6,6ef946331b244047b9da43f6eb6fe93d87f58873,python,ok,,python,pytest,true,false,13,0,13,0,,,,"",3.32,
39394004,39394006,6,6ef946331b244047b9da43f6eb6fe93d87f58873,python,ok,,python,pytest,true,false,13,0,13,0,,,,"",1.3,
146771853,146771854,70,6b0c7af5f641b3221d28bf4491120670da1e5a84,python,broken,1,python,"",false,,,,,,,,,"",,
146771853,146771855,70,6b0c7af5f641b3221d28bf4491120670da1e5a84,python,broken,1,python,"",false,,,,,,,,,"",,
146771853,146771856,70,6b0c7af5f641b3221d28bf4491120670da1e5a84,python,broken,0,python,"",false,,,,,,,,,"",,
146776268,146776269,71,2daa1f38c13b377de3171ac687d81d2bd63d968b,python,broken,0,python,"",false,,,,,,,,,"",,
146776268,146776272,71,2daa1f38c13b377de3171ac687d81d2bd63d968b,python,broken,0,python,"",false,,,,,,,,,"",,
146776268,146776274,71,2daa1f38c13b377de3171ac687d81d2bd63d968b,python,broken,1,python,"",false,,,,,,,,,"",,
146776669,146776670,72,cd477fcb043d4bd60c39ce879a9a8401ea74760f,python,ok,0,python,pytest,true,false,30,0,30,0,,,,"",6.66,
146776669,146776671,72,cd477fcb043d4bd60c39ce879a9a8401ea74760f,python,ok,0,python,pytest,true,false,30,0,30,0,,,,"",5.42,
146776669,146776672,72,cd477fcb043d4bd60c39ce879a9a8401ea74760f,python,ok,1,python,pytest,true,false,30,0,30,0,,,,"",5.39,
148331302,148331303,73,2d7e850dfa54b90868a0c11c444c79bf3ea9461d,python,ok,0,python,pytest,true,false,30,0,30,0,,,,"",7.35,
148331302,148331304,73,2d7e850dfa54b90868a0c11c444c79bf3ea9461d,python,ok,0,python,pytest,true,false,30,0,30,0,,,,"",7.75,
148331302,148331305,73,2d7e850dfa54b90868a0c11c444c79bf3ea9461d,python,ok,1,python,pytest,true,false,30,0,30,0,,,,"",8.6,
148685558,148685559,74,0c12255a2319c11592c4dd6b4b4afdd98ce06ad2,python,ok,1,python,pytest,true,false,30,0,30,0,,,,"",6.77,
148685558,148685560,74,0c12255a2319c11592c4dd6b4b4afdd98ce06ad2,python,ok,0,python,pytest,true,false,30,0,30,0,,,,"",10.66,
148685558,148685561,74,0c12255a2319c11592c4dd6b4b4afdd98ce06ad2,python,ok,0,python,pytest,true,false,30,0,30,0,,,,"",6.08,
149565287,149565288,75,49759688d6939f8568c82bf28342e48c5da93c85,python,ok,0,python,pytest,true,false,30,0,30,0,,,,"",6.98,
149565287,149565289,75,49759688d6939f8568c82bf28342e48c5da93c85,python,ok,0,python,pytest,true,false,30,0,30,0,,,,"",5.45,
149565287,149565290,75,49759688d6939f8568c82bf28342e48c5da93c85,python,ok,0,python,pytest,true,false,30,0,30,0,,,,"",5.44,
155182879,155182880,76,c47482fdc17835bdae5bd1b8e3c0461f9cb715b9,python,ok,0,python,pytest,true,false,30,0,30,0,,,,"",7.93,
155182879,155182881,76,c47482fdc17835bdae5bd1b8e3c0461f9cb715b9,python,ok,0,python,pytest,true,false,30,0,30,0,,,,"",5.23,
155182879,155182882,76,c47482fdc17835bdae5bd1b8e3c0461f9cb715b9,python,ok,0,python,pytest,true,false,30,0,30,0,,,,"",6.45,
155185077,155185078,77,c7245cd7d9f0ee62a18ff34971bb63b33e199d40,python,ok,0,python,pytest,true,false,30,0,30,0,,,,"",7.48,
155185077,155185080,77,c7245cd7d9f0ee62a18ff34971bb63b33e199d40,python,ok,1,python,pytest,true,false,30,0,30,0,,,,"",5.68,
155185077,155185082,77,c7245cd7d9f0ee62a18ff34971bb63b33e199d40,python,ok,0,python,pytest,true,false,30,0,30,0,,,,"",8.73,
156096784,156096785,78,e8921be7bd2be2005ddb7ab41425461d931fdde6,python,ok,0,python,pytest,true,false,30,0,30,0,,,,"",5.95,
156096784,156096786,78,e8921be7bd2be2005ddb7ab41425461d931fdde6,python,ok,0,python,pytest,true,false,30,0,30,0,,,,"",5.14,
156096784,156096787,78,e8921be7bd2be2005ddb7ab41425461d931fdde6,python,ok,0,python,pytest,true,false,30,0,30,0,,,,"",5.21,
156097294,156097295,79,d670b10d8033a6c1997f9fdb2e3c3efde3888f3a,python,ok,2,python,pytest,true,false,30,0,30,0,,,,"",8.42,
156097294,156097296,79,d670b10d8033a6c1997f9fdb2e3c3efde3888f3a,python,ok,1,python,pytest,true,false,30,0,30,0,,,,"",5.3,
156097294,156097297,79,d670b10d8033a6c1997f9fdb2e3c3efde3888f3a,python,ok,0,python,pytest,true,false,30,0,30,0,,,,"",5.1,
39394566,39394567,7,f84a5b25138a25f41bd9f6b1c0630b528fa0ef6c,python,ok,,python,pytest,true,false,13,0,13,0,,,,"",0.91,
39394566,39394568,7,f84a5b25138a25f41bd9f6b1c0630b528fa0ef6c,python,ok,,python,pytest,true,false,13,0,13,0,,,,"",1.32,
156098214,156098215,80,4a026a843224e3ae833a36fda29687fe4fbf1533,python,ok,0,python,pytest,true,false,30,0,30,0,,,,"",6.3,
156098214,156098216,80,4a026a843224e3ae833a36fda29687fe4fbf1533,python,ok,0,python,pytest,true,false,30,0,30,0,,,,"",5.18,
156098214,156098217,80,4a026a843224e3ae833a36fda29687fe4fbf1533,python,ok,2,python,pytest,true,false,30,0,30,0,,,,"",5.65,
156098877,156098878,81,8ca42d1bcd20ebbf77b1979022a07ba260dcf040,python,ok,2,python,pytest,true,false,30,0,30,0,,,,"",6.17,
156098877,156098880,81,8ca42d1bcd20ebbf77b1979022a07ba260dcf040,python,ok,1,python,pytest,true,false,30,0,30,0,,,,"",5.21,
156098877,156098881,81,8ca42d1bcd20ebbf77b1979022a07ba260dcf040,python,ok,1,python,pytest,true,false,30,0,30,0,,,,"",5.23,
156099059,156099060,82,a7421a50323c958c9569834146c5fd2aeafe46ee,python,ok,1,python,pytest,true,false,30,0,30,0,,,,"",6.18,
156099059,156099061,82,a7421a50323c958c9569834146c5fd2aeafe46ee,python,ok,1,python,pytest,true,false,30,0,30,0,,,,"",5.3,
156099059,156099062,82,a7421a50323c958c9569834146c5fd2aeafe46ee,python,ok,3,python,pytest,true,false,30,0,30,0,,,,"",6.78,
156100282,156100283,83,dbeacc1e7222c88a6e1cbdb2287e9ab52ee65ffa,python,ok,3,python,pytest,true,false,30,0,30,0,,,,"",7.3,
156100282,156100284,83,dbeacc1e7222c88a6e1cbdb2287e9ab52ee65ffa,python,ok,2,python,pytest,true,false,30,0,30,0,,,,"",5.2,
156100282,156100285,83,dbeacc1e7222c88a6e1cbdb2287e9ab52ee65ffa,python,ok,0,python,pytest,true,false,30,0,30,0,,,,"",5.3,
156100541,156100542,84,5104efd7fd321b6f3a24b8b0dd6bc49ac2eb1f7d,python,broken,0,python,pytest,true,false,0,0,0,0,,,,"",5.86,
156100541,156100543,84,5104efd7fd321b6f3a24b8b0dd6bc49ac2eb1f7d,python,broken,0,python,pytest,true,false,0,0,0,0,,,,"",4.03,
156100541,156100544,84,5104efd7fd321b6f3a24b8b0dd6bc49ac2eb1f7d,python,unknown,0,python,"",false,,,,,,,,,"",,
156104027,156104028,85,c2859513346469a40a1d05eca7ff32baf5482ffc,python,broken,2,python,pytest,true,false,0,0,0,0,,,,"",3.44,
156104027,156104029,85,c2859513346469a40a1d05eca7ff32baf5482ffc,python,broken,1,python,pytest,true,false,0,0,0,0,,,,"",5.12,
156104027,156104030,85,c2859513346469a40a1d05eca7ff32baf5482ffc,python,unknown,1,python,"",false,,,,,,,,,"",,
156104507,156104508,86,5babbb15a2774351834277d8ac93b8e4c0fe9add,python,ok,0,python,pytest,true,false,30,0,30,0,,,,"",6.54,
156104507,156104509,86,5babbb15a2774351834277d8ac93b8e4c0fe9add,python,ok,0,python,pytest,true,false,30,0,30,0,,,,"",5.67,
156104507,156104510,86,5babbb15a2774351834277d8ac93b8e4c0fe9add,python,ok,1,python,pytest,true,false,30,0,30,0,,,,"",6.26,
156112135,156112136,87,63ecdbc524b6c6952134d5147213c9487f5394d2,python,ok,0,python,pytest,true,false,30,0,30,0,,,,"",6.5,
156112135,156112137,87,63ecdbc524b6c6952134d5147213c9487f5394d2,python,ok,1,python,pytest,true,false,30,0,30,0,,,,"",5.25,
156112135,156112138,87,63ecdbc524b6c6952134d5147213c9487f5394d2,python,ok,1,python,pytest,true,false,30,0,30,0,,,,"",5.39,
156113405,156113406,88,acdee2fe80a6d4e77e8a3530422175de5dd079b5,python,ok,0,python,pytest,true,false,32,0,32,0,,,,"",6.37,
156113405,156113407,88,acdee2fe80a6d4e77e8a3530422175de5dd079b5,python,ok,1,python,pytest,true,false,32,0,32,0,,,,"",5.92,
156113405,156113408,88,acdee2fe80a6d4e77e8a3530422175de5dd079b5,python,ok,0,python,pytest,true,false,32,0,32,0,,,,"",5.74,
156563909,156563910,89,5767e39aa3f0dd67b1a420ad213862d228d8eb0e,python,ok,0,python,pytest,true,false,32,0,32,0,,,,"",6.31,
156563909,156563912,89,5767e39aa3f0dd67b1a420ad213862d228d8eb0e,python,ok,0,python,pytest,true,false,32,0,32,0,,,,"",5.84,
156563909,156563913,89,5767e39aa3f0dd67b1a420ad213862d228d8eb0e,python,ok,0,python,pytest,true,false,32,0,32,0,,,,"",8.27,
39396800,39396801,8,931e9314539e1e7215d1cdcc7d9a33a14c1e25dc,python,ok,,python,pytest,true,false,14,0,14,0,,,,"",1.2,
39396800,39396802,8,931e9314539e1e7215d1cdcc7d9a33a14c1e25dc,python,ok,,python,pytest,true,false,14,0,14,0,,,,"",1.71,
156590796,156590797,90,5b209f7a9742192b28df85dcd32dde3484015fe1,python,ok,0,python,pytest,true,false,32,0,32,0,,,,"",8.68,
156590796,156590798,90,5b209f7a9742192b28df85dcd32dde3484015fe1,python,ok,0,python,pytest,true,false,32,0,32,0,,,,"",8.03,
156590796,156590799,90,5b209f7a9742192b28df85dcd32dde3484015fe1,python,ok,1,python,pytest,true,false,32,0,32,0,,,,"",10.41,
156872668,156872674,91,6e5f8234982540a80e6f7ae4c873fde720706b41,python,ok,1,python,pytest,true,false,32,0,32,0,,,,"",9.39,
156872668,156872676,91,6e5f8234982540a80e6f7ae4c873fde720706b41,python,ok,3,python,pytest,true,false,32,0,32,0,,,,"",7.78,
156872668,156872677,91,6e5f8234982540a80e6f7ae4c873fde720706b41,python,ok,1,python,pytest,true,false,32,0,32,0,,,,"",7.53,
157965928,157965929,92,8be5fb54bbea4d2961c38a880601e091e99a9d5f,python,ok,0,python,pytest,true,false,33,0,33,0,,,,"",6.95,
157965928,157965930,92,8be5fb54bbea4d2961c38a880601e091e99a9d5f,python,ok,0,python,pytest,true,false,33,0,33,0,,,,"",6.51,
157965928,157965931,92,8be5fb54bbea4d2961c38a880601e091e99a9d5f,python,ok,6,python,pytest,true,false,33,0,33,0,,,,"",9.56,
158049582,158049583,93,a7898274376fca251bf6803c920a174a2b916d37,python,ok,1,python,pytest,true,false,33,0,33,0,,,,"",6.41,
158049582,158049586,93,a7898274376fca251bf6803c920a174a2b916d37,python,ok,0,python,pytest,true,false,33,0,33,0,,,,"",5.47,
158049582,158049587,93,a7898274376fca251bf6803c920a174a2b916d37,python,ok,0,python,pytest,true,false,33,0,33,0,,,,"",6.89,
159129924,159129925,94,3bd194197cb52e494c76d23fe78028dc04c9286c,python,ok,4,python,pytest,true,false,33,0,33,0,,,,"",14.62,
159129924,159129926,94,3bd194197cb52e494c76d23fe78028dc04c9286c,python,ok,0,python,pytest,true,false,33,0,33,0,,,,"",6.39,
159129924,159129927,94,3bd194197cb52e494c76d23fe78028dc04c9286c,python,ok,3,python,pytest,true,false,33,0,33,0,,,,"",5.77,
159281546,159281547,95,503616d70a6a30eddeaccb99aeaf380cac088eff,python,ok,5,python,pytest,true,false,33,0,33,0,,,,"",8.09,
159281546,159281548,95,503616d70a6a30eddeaccb99aeaf380cac088eff,python,ok,5,python,pytest,true,false,33,0,33,0,,,,"",8.68,
159281546,159281549,95,503616d70a6a30eddeaccb99aeaf380cac088eff,python,ok,2,python,pytest,true,false,33,0,33,0,,,,"",11.0,
159294100,159294101,96,d0bb213c2ef345b2a4b1b12784b86bd7a1ffcc4c,python,ok,4,python,pytest,true,false,34,0,34,0,,,,"",8.53,
159294100,159294102,96,d0bb213c2ef345b2a4b1b12784b86bd7a1ffcc4c,python,broken,2,python,"",false,,,,,,,,,"",,
159294100,159294103,96,d0bb213c2ef345b2a4b1b12784b86bd7a1ffcc4c,python,broken,1,python,"",false,,,,,,,,,"",,
159303957,159303958,97,a59748229807ca0a8ca238b46337f6d3123d6524,python,ok,1,python,pytest,true,false,34,0,34,0,,,,"",7.17,
159303957,159303959,97,a59748229807ca0a8ca238b46337f6d3123d6524,python,ok,0,python,pytest,true,false,34,0,34,0,,,,"",7.39,
159303957,159303960,97,a59748229807ca0a8ca238b46337f6d3123d6524,python,ok,1,python,pytest,true,false,34,0,34,0,,,,"",7.31,
159575381,159575382,98,95e4a1e7c4267354285507845bc538f5456e7008,python,broken,0,python,pytest,true,true,31,3,34,0,,,,test_sorting#test_get_collection#test_put_new,6.91,
159575381,159575383,98,95e4a1e7c4267354285507845bc538f5456e7008,python,broken,1,python,pytest,true,true,31,3,34,0,,,,test_sorting#test_get_collection#test_put_new,7.64,
159575381,159575384,98,95e4a1e7c4267354285507845bc538f5456e7008,python,broken,0,python,pytest,true,true,31,3,34,0,,,,test_sorting#test_get_collection#test_put_new,6.35,
159576701,159576702,99,73c13f0ee6a345faf7d2e274738499f7142c3da3,python,ok,6,python,pytest,true,false,34,0,34,0,,,,"",7.77,
159576701,159576703,99,73c13f0ee6a345faf7d2e274738499f7142c3da3,python,ok,4,python,pytest,true,false,34,0,34,0,,,,"",6.32,
159576701,159576704,99,73c13f0ee6a345faf7d2e274738499f7142c3da3,python,ok,4,python,pytest,true,false,34,0,34,0,,,,"",6.54,
39397524,39397525,9,8088d0afc3193e32b898f14ec85a96f9d22257b0,python,ok,,python,pytest,true,false,14,0,14,0,,,,"",1.65,
39397524,39397526,9,8088d0afc3193e32b898f14ec85a96f9d22257b0,python,ok,,python,pytest,true,false,14,0,14,0,,,,"",1.51,
