tr_build_id,tr_job_id,tr_build_number,tr_original_commit,tr_log_lan,tr_log_status,tr_log_setup_time,tr_log_analyzer,tr_log_frameworks,tr_log_bool_tests_ran,tr_log_bool_tests_failed,tr_log_num_tests_ok,tr_log_num_tests_failed,tr_log_num_tests_run,tr_log_num_tests_skipped,tr_log_num_test_suites_run,tr_log_num_test_suites_ok,tr_log_num_test_suites_failed,tr_log_tests_failed,tr_log_testduration,tr_log_buildduration
695661867,695661868,100,bff23cddda3d2793930eec83de7e7718851e4b7d,go,ok,45,go,gotest,true,false,0,0,,0,1,1,0,"",1.01,
695661867,695661869,100,bff23cddda3d2793930eec83de7e7718851e4b7d,go,ok,9,go,gotest,true,false,0,0,,0,1,1,0,"",0.02,
695976304,695976305,101,3b9ca78b82b1d7e6a33a0c8ef695b1d6bf180d1c,go,ok,12,go,gotest,true,false,0,0,,0,1,1,0,"",1.01,
695976304,695976306,101,3b9ca78b82b1d7e6a33a0c8ef695b1d6bf180d1c,go,ok,9,go,gotest,true,false,0,0,,0,1,1,0,"",0.02,
695976810,695976811,102,2b63b9f7ce5f5053c5b639b62d2116a93098b700,go,ok,12,go,gotest,true,false,0,0,,0,1,1,0,"",1.01,
695976810,695976812,102,2b63b9f7ce5f5053c5b639b62d2116a93098b700,go,ok,9,go,gotest,true,false,0,0,,0,1,1,0,"",0.02,
698512623,698512624,103,88f6d03aa1d2bf2dd2df087c52dc39b115621d92,go,unknown,4,go,"",false,,,,,,,,,"",,
698512623,698512625,103,88f6d03aa1d2bf2dd2df087c52dc39b115621d92,go,unknown,4,go,"",false,,,,,,,,,"",,
698859428,698859429,104,19b39a0b41181c37032b1999d1684e16d7e0ee59,go,ok,11,go,gotest,true,false,0,0,,0,1,1,0,"",1.01,
698859428,698859430,104,19b39a0b41181c37032b1999d1684e16d7e0ee59,go,ok,9,go,gotest,true,false,0,0,,0,1,1,0,"",0.02,
700556463,700556464,105,19b39a0b41181c37032b1999d1684e16d7e0ee59,go,ok,11,go,gotest,true,false,0,0,,0,1,1,0,"",1.01,
700556463,700556465,105,19b39a0b41181c37032b1999d1684e16d7e0ee59,go,ok,9,go,gotest,true,false,0,0,,0,1,1,0,"",0.02,
701132102,701132103,106,0706dd0747ac5a699f7474140dc1ae0b8eae27da,go,ok,12,go,gotest,true,false,0,0,,0,1,1,0,"",1.02,
701132102,701132104,106,0706dd0747ac5a699f7474140dc1ae0b8eae27da,go,ok,10,go,gotest,true,false,0,0,,0,1,1,0,"",0.03,
701133316,701133317,107,0706dd0747ac5a699f7474140dc1ae0b8eae27da,go,ok,11,go,gotest,true,false,0,0,,0,1,1,0,"",1.01,
701133316,701133318,107,0706dd0747ac5a699f7474140dc1ae0b8eae27da,go,ok,10,go,gotest,true,false,0,0,,0,1,1,0,"",0.02,
704577770,704577771,108,730f35d983af6d626aaa273b1a1a28b7818d2450,go,ok,46,go,gotest,true,false,0,0,,0,1,1,0,"",1.01,
704577770,704577772,108,730f35d983af6d626aaa273b1a1a28b7818d2450,go,ok,10,go,gotest,true,false,0,0,,0,1,1,0,"",0.02,
709642053,709642054,109,8d230c0b4dfd408444938ccee17ef856d32a17d5,go,ok,11,go,gotest,true,false,0,0,,0,1,1,0,"",1.01,
709642053,709642055,109,8d230c0b4dfd408444938ccee17ef856d32a17d5,go,ok,9,go,gotest,true,false,0,0,,0,1,1,0,"",0.02,
631495786,631495787,10,dacffc91a0d116ed587637a1fac052bd7b28428e,go,ok,7,go,gotest,true,false,0,0,,0,1,1,0,"",1.04,
631495786,631495788,10,dacffc91a0d116ed587637a1fac052bd7b28428e,go,ok,7,go,gotest,true,false,0,0,,0,1,1,0,"",0.06,
709642425,709642426,110,201d2bdf5346388a12ed3e0c038c5f42a126fdbb,go,ok,10,go,gotest,true,false,0,0,,0,1,1,0,"",1.01,
709642425,709642427,110,201d2bdf5346388a12ed3e0c038c5f42a126fdbb,go,ok,10,go,gotest,true,false,0,0,,0,1,1,0,"",0.02,
709642818,709642819,111,70771b547bd60f050779a8cff125c1f50216d72a,go,ok,45,go,gotest,true,false,0,0,,0,1,1,0,"",1.02,
709642818,709642820,111,70771b547bd60f050779a8cff125c1f50216d72a,go,ok,9,go,gotest,true,false,0,0,,0,1,1,0,"",0.02,
709647817,709647818,112,3570169064522087a1af21af8f476ec27c64ef4c,go,ok,12,go,gotest,true,false,0,0,,0,1,1,0,"",1.02,
709647817,709647819,112,3570169064522087a1af21af8f476ec27c64ef4c,go,ok,10,go,gotest,true,false,0,0,,0,1,1,0,"",0.02,
709649963,709649964,113,96f96cf27949bf3424910efc4cff757c3902de86,go,ok,10,go,gotest,true,false,0,0,,0,1,1,0,"",1.01,
709649963,709649965,113,96f96cf27949bf3424910efc4cff757c3902de86,go,ok,9,go,gotest,true,false,0,0,,0,1,1,0,"",0.02,
711865017,711865018,114,713aa420fe157b6ffc06fdaf7f53f39ba9378724,go,unknown,4,go,"",false,,,,,,,,,"",,
711865017,711865019,114,713aa420fe157b6ffc06fdaf7f53f39ba9378724,go,unknown,4,go,"",false,,,,,,,,,"",,
711865026,711865027,115,873e79fb46ac5296a0313cfadee1d304b71d842b,go,ok,10,go,gotest,true,false,0,0,,0,1,1,0,"",1.02,
711865026,711865028,115,873e79fb46ac5296a0313cfadee1d304b71d842b,go,ok,10,go,gotest,true,false,0,0,,0,1,1,0,"",0.02,
711865171,711865172,116,9f9c020cae28fb8e52f21a1470f92f789aa9107c,go,unknown,4,go,"",false,,,,,,,,,"",,
711865171,711865173,116,9f9c020cae28fb8e52f21a1470f92f789aa9107c,go,unknown,4,go,"",false,,,,,,,,,"",,
711865201,711865202,117,8d9c7a69b6be4a0666b26dea238aca326e6b8f57,go,ok,11,go,gotest,true,false,0,0,,0,1,1,0,"",1.01,
711865201,711865203,117,8d9c7a69b6be4a0666b26dea238aca326e6b8f57,go,ok,10,go,gotest,true,false,0,0,,0,1,1,0,"",0.03,
711867082,711867084,118,150dff21b3b2f42a25d7c4f0d97c3ef814dce1c2,go,ok,11,go,gotest,true,false,0,0,,0,1,1,0,"",1.02,
711867082,711867086,118,150dff21b3b2f42a25d7c4f0d97c3ef814dce1c2,go,ok,8,go,gotest,true,false,0,0,,0,1,1,0,"",0.02,
711867266,711867267,119,b34e52ad098c184f1c4a8428ecf9d80744e3f596,go,unknown,4,go,"",false,,,,,,,,,"",,
711867266,711867268,119,b34e52ad098c184f1c4a8428ecf9d80744e3f596,go,unknown,4,go,"",false,,,,,,,,,"",,
631508745,631508746,11,bd9e77d45996a405ff098778e4195d5e3bc9a19b,go,ok,7,go,gotest,true,false,0,0,,0,1,1,0,"",1.05,
631508745,631508747,11,bd9e77d45996a405ff098778e4195d5e3bc9a19b,go,ok,7,go,gotest,true,false,0,0,,0,1,1,0,"",0.05,
711867289,711867290,120,df5f7388a8f0549729cd294823638e4e8698c40e,unknown,unknown,,plain,"",false,,,,,,,,,"",,
711867289,711867291,120,df5f7388a8f0549729cd294823638e4e8698c40e,unknown,unknown,,plain,"",false,,,,,,,,,"",,
711867325,711867326,121,6bd1dc1a1c36a3b603017f441db66406f5d3f2d7,go,ok,12,go,gotest,true,false,0,0,,0,1,1,0,"",1.01,
711867325,711867327,121,6bd1dc1a1c36a3b603017f441db66406f5d3f2d7,go,ok,9,go,gotest,true,false,0,0,,0,1,1,0,"",0.02,
712261380,712261381,122,f4935935bea557022ea483728f1416325d67d259,go,ok,12,go,gotest,true,false,0,0,,0,1,1,0,"",1.02,
712261380,712261382,122,f4935935bea557022ea483728f1416325d67d259,go,ok,10,go,gotest,true,false,0,0,,0,1,1,0,"",0.02,
712263292,712263293,123,e83df3655b02295b1c95dd7194b064706739d4ef,go,ok,12,go,gotest,true,false,0,0,,0,1,1,0,"",1.01,
712263292,712263294,123,e83df3655b02295b1c95dd7194b064706739d4ef,go,ok,9,go,gotest,true,false,0,0,,0,1,1,0,"",0.02,
715168746,715168747,124,949c2d0eba0ebccf22a1bacd421cd96ce8f7ab38,go,ok,38,go,gotest,true,false,0,0,,0,1,1,0,"",1.01,
715168746,715168748,124,949c2d0eba0ebccf22a1bacd421cd96ce8f7ab38,go,ok,10,go,gotest,true,false,0,0,,0,1,1,0,"",0.03,
715181302,715181303,125,b709ca025937795c7c3a550afac636d0e73459dd,go,ok,12,go,gotest,true,false,0,0,,0,1,1,0,"",1.02,
715181302,715181304,125,b709ca025937795c7c3a550afac636d0e73459dd,go,ok,10,go,gotest,true,false,0,0,,0,1,1,0,"",0.02,
715183641,715183642,126,b709ca025937795c7c3a550afac636d0e73459dd,go,ok,12,go,gotest,true,false,0,0,,0,1,1,0,"",1.02,
715183641,715183643,126,b709ca025937795c7c3a550afac636d0e73459dd,go,ok,9,go,gotest,true,false,0,0,,0,1,1,0,"",0.03,
716862841,716862842,127,46831f35014a115f94b70832f04017052f6d3a5d,go,ok,12,go,gotest,true,false,0,0,,0,1,1,0,"",1.02,
716862841,716862843,127,46831f35014a115f94b70832f04017052f6d3a5d,go,ok,9,go,gotest,true,false,0,0,,0,1,1,0,"",0.02,
716864793,716864794,128,a89988d7113df6ce101de679475e80204d7257fb,go,ok,16,go,gotest,true,false,0,0,,0,1,1,0,"",1.02,
716864793,716864795,128,a89988d7113df6ce101de679475e80204d7257fb,go,ok,9,go,gotest,true,false,0,0,,0,1,1,0,"",0.02,
716866550,716866551,129,a6b0dc33ea9b4b6b052dbc9d98c7304b160d6cf7,go,ok,12,go,gotest,true,false,0,0,,0,1,1,0,"",1.01,
716866550,716866552,129,a6b0dc33ea9b4b6b052dbc9d98c7304b160d6cf7,go,ok,10,go,gotest,true,false,0,0,,0,1,1,0,"",0.02,
632129191,632129192,12,41b157d70892c41efe803a53b971a829d7df4b14,go,ok,8,go,gotest,true,false,0,0,,0,1,1,0,"",1.05,
632129191,632129193,12,41b157d70892c41efe803a53b971a829d7df4b14,go,ok,7,go,gotest,true,false,0,0,,0,1,1,0,"",0.06,
716869903,716869904,130,a6b0dc33ea9b4b6b052dbc9d98c7304b160d6cf7,go,ok,13,go,gotest,true,false,0,0,,0,1,1,0,"",1.02,
716869903,716869905,130,a6b0dc33ea9b4b6b052dbc9d98c7304b160d6cf7,go,ok,10,go,gotest,true,false,0,0,,0,1,1,0,"",0.02,
719219096,719219097,131,ef72597fb92dc97a8ca746e630d5a238550f381f,go,ok,17,go,gotest,true,false,0,0,,0,1,1,0,"",1.01,
719219096,719219098,131,ef72597fb92dc97a8ca746e630d5a238550f381f,go,ok,9,go,gotest,true,false,0,0,,0,1,1,0,"",0.02,
719977139,719977140,132,8eeea201dbc2f6fd7158994cdba1797f3c04b0c8,go,ok,11,go,gotest,true,false,0,0,,0,1,1,0,"",1.01,
719977139,719977141,132,8eeea201dbc2f6fd7158994cdba1797f3c04b0c8,go,ok,9,go,gotest,true,false,0,0,,0,1,1,0,"",0.02,
720958573,720958574,133,285caffe7a2e03aeee203a965a7e2a95fc1e53db,go,ok,11,go,gotest,true,false,0,0,,0,1,1,0,"",1.02,
720958573,720958575,133,285caffe7a2e03aeee203a965a7e2a95fc1e53db,go,ok,9,go,gotest,true,false,0,0,,0,1,1,0,"",0.02,
725882950,725882951,134,2ef0cca3d426b207bf65fcd50868ea8848db2eeb,go,ok,12,go,gotest,true,false,0,0,,0,1,1,0,"",1.02,
725882950,725882952,134,2ef0cca3d426b207bf65fcd50868ea8848db2eeb,go,ok,21,go,gotest,true,false,0,0,,0,1,1,0,"",0.02,
726333086,726333087,135,aa434356e022587c3f04cf1b1a7929eca1eb2382,go,ok,12,go,gotest,true,false,0,0,,0,1,1,0,"",1.02,
726333086,726333088,135,aa434356e022587c3f04cf1b1a7929eca1eb2382,go,ok,14,go,gotest,true,false,0,0,,0,1,1,0,"",0.02,
729197956,729197957,136,119ea025d69d40c2c3b91e9102bf2b934a9d9ccd,go,ok,9,go,gotest,true,false,0,0,,0,1,1,0,"",1.01,
729197956,729197958,136,119ea025d69d40c2c3b91e9102bf2b934a9d9ccd,go,ok,20,go,gotest,true,false,0,0,,0,1,1,0,"",0.02,
729203972,729203973,137,9893478fa8b493b1b0f686403b6e81501bfbeacd,go,ok,11,go,gotest,true,false,0,0,,0,1,1,0,"",1.01,
729203972,729203974,137,9893478fa8b493b1b0f686403b6e81501bfbeacd,go,ok,14,go,gotest,true,false,0,0,,0,1,1,0,"",0.02,
729278314,729278315,138,36b6de2a7b48cc1478ef6af69aa2f4d90a20ea2e,go,ok,38,go,gotest,true,false,0,0,,0,1,1,0,"",1.19,
729278314,729278316,138,36b6de2a7b48cc1478ef6af69aa2f4d90a20ea2e,go,ok,39,go,gotest,true,false,0,0,,0,1,1,0,"",0.18,
729366060,729366061,139,07d61d2c1c7033bf55f266b4a055089ebed13b91,go,ok,38,go,gotest,true,false,0,0,,0,1,1,0,"",1.22,
729366060,729366062,139,07d61d2c1c7033bf55f266b4a055089ebed13b91,go,ok,44,go,gotest,true,false,0,0,,0,1,1,0,"",0.24,
632130979,632130980,13,f86f502928bc4ad97e69f8ed3b08be5c0a92b416,go,ok,9,go,gotest,true,false,0,0,,0,1,1,0,"",1.04,
632130979,632130981,13,f86f502928bc4ad97e69f8ed3b08be5c0a92b416,go,ok,7,go,gotest,true,false,0,0,,0,1,1,0,"",0.06,
729390816,729390817,140,2af3e2e8a45fe402108d5721c18577f3292200dd,go,ok,39,go,gotest,true,false,0,0,,0,1,1,0,"",1.21,
729390816,729390818,140,2af3e2e8a45fe402108d5721c18577f3292200dd,go,ok,41,go,gotest,true,false,0,0,,0,1,1,0,"",0.25,
729493291,729493292,141,aacd550f5a952aca16b539a6aedecd6a5f962b29,go,ok,36,go,gotest,true,false,0,0,,0,1,1,0,"",1.18,
729493291,729493293,141,aacd550f5a952aca16b539a6aedecd6a5f962b29,go,ok,40,go,gotest,true,false,0,0,,0,1,1,0,"",0.23,
729896230,729896231,142,a70ab3ff8305d87c3536ea136fd5afafc9c7e1a6,go,ok,38,go,gotest,true,false,0,0,,0,1,1,0,"",1.17,
729896230,729896232,142,a70ab3ff8305d87c3536ea136fd5afafc9c7e1a6,go,ok,40,go,gotest,true,false,0,0,,0,1,1,0,"",0.21,
729898259,729898260,143,a70ab3ff8305d87c3536ea136fd5afafc9c7e1a6,go,ok,37,go,gotest,true,false,0,0,,0,1,1,0,"",1.18,
729898259,729898261,143,a70ab3ff8305d87c3536ea136fd5afafc9c7e1a6,go,ok,41,go,gotest,true,false,0,0,,0,1,1,0,"",0.19,
729937388,729937389,144,33d22fe2d4d6f471915acf170c6e5b8fa2b249c3,go,ok,39,go,gotest,true,false,0,0,,0,1,1,0,"",1.17,
729937388,729937390,144,33d22fe2d4d6f471915acf170c6e5b8fa2b249c3,go,ok,39,go,gotest,true,false,0,0,,0,1,1,0,"",0.21,
729941201,729941202,145,f585a627c191daa13c59f0d9e019c8b8f74b819a,go,ok,38,go,gotest,true,false,0,0,,0,1,1,0,"",1.2,
729941201,729941203,145,f585a627c191daa13c59f0d9e019c8b8f74b819a,go,ok,39,go,gotest,true,false,0,0,,0,1,1,0,"",0.19,
729942413,729942414,146,8eb31b7911d165a921f7552411e05a7459e766d5,go,ok,38,go,gotest,true,false,0,0,,0,1,1,0,"",1.18,
729942413,729942415,146,8eb31b7911d165a921f7552411e05a7459e766d5,go,ok,44,go,gotest,true,false,0,0,,0,1,1,0,"",0.22,
730148841,730148842,147,8eb31b7911d165a921f7552411e05a7459e766d5,go,ok,37,go,gotest,true,false,0,0,,0,1,1,0,"",1.19,
730148841,730148843,147,8eb31b7911d165a921f7552411e05a7459e766d5,go,ok,41,go,gotest,true,false,0,0,,0,1,1,0,"",0.2,
730657507,730657508,148,ef185ecb975a67a430174bc188f1ae9be7a2fd70,go,ok,37,go,gotest,true,false,0,0,,0,1,1,0,"",1.18,
730657507,730657509,148,ef185ecb975a67a430174bc188f1ae9be7a2fd70,go,ok,40,go,gotest,true,false,0,0,,0,1,1,0,"",0.2,
730863541,730863542,149,3f69668934017a45bfa8e86e6ee803f7bb89c3fc,go,ok,40,go,gotest,true,false,0,0,,0,1,1,0,"",1.17,
730863541,730863543,149,3f69668934017a45bfa8e86e6ee803f7bb89c3fc,go,ok,42,go,gotest,true,false,0,0,,0,1,1,0,"",0.22,
632133047,632133048,14,00d2f6e0e318fced5007595e016d07445c55158b,go,ok,9,go,gotest,true,false,0,0,,0,1,1,0,"",1.05,
632133047,632133049,14,00d2f6e0e318fced5007595e016d07445c55158b,go,ok,7,go,gotest,true,false,0,0,,0,1,1,0,"",0.07,
730930650,730930651,150,946a52bbb7b9809d1d021fdb27a566e0ac0fc0b9,go,ok,40,go,gotest,true,false,0,0,,0,1,1,0,"",1.2,
730930650,730930652,150,946a52bbb7b9809d1d021fdb27a566e0ac0fc0b9,go,ok,41,go,gotest,true,false,0,0,,0,1,1,0,"",0.19,
731033073,731033074,151,02ae0bc01c678afaf1296e4b26944291cc5c3a77,go,ok,39,go,gotest,true,false,0,0,,0,1,1,0,"",1.19,
731033073,731033075,151,02ae0bc01c678afaf1296e4b26944291cc5c3a77,go,ok,43,go,gotest,true,false,0,0,,0,1,1,0,"",0.2,
740156140,740156141,152,9a6d72b831416ad8b2135694d16b76bcedae40c8,go,ok,39,go,gotest,true,false,0,0,,0,1,1,0,"",1.18,
740156140,740156142,152,9a6d72b831416ad8b2135694d16b76bcedae40c8,go,ok,39,go,gotest,true,false,0,0,,0,1,1,0,"",0.19,
744335763,744335764,153,e55d06717fc02429653e22704b4f4da30b291966,go,ok,35,go,gotest,true,false,0,0,,0,1,1,0,"",1.18,
744335763,744335767,153,e55d06717fc02429653e22704b4f4da30b291966,go,unknown,1,go,"",false,,,,,,,,,"",,
744340741,744340742,154,cdb5710723419df01b13f8e9fcbea5c1e8be7477,go,ok,38,go,gotest,true,false,0,0,,0,1,1,0,"",1.2,
744340741,744340743,154,cdb5710723419df01b13f8e9fcbea5c1e8be7477,go,ok,47,go,gotest,true,false,0,0,,0,1,1,0,"",0.2,
744620252,744620253,155,37321d473a71ded2fee06d376d3ccc9ce0c10218,go,ok,38,go,gotest,true,false,0,0,,0,1,1,0,"",1.2,
744620252,744620254,155,37321d473a71ded2fee06d376d3ccc9ce0c10218,go,ok,37,go,gotest,true,false,0,0,,0,1,1,0,"",0.21,
744622065,744622066,156,72945085828098a2d6e563cade984a872ca0b806,go,unknown,4,go,"",false,,,,,,,,,"",,
744622065,744622067,156,72945085828098a2d6e563cade984a872ca0b806,go,unknown,4,go,"",false,,,,,,,,,"",,
744624840,744624841,157,c1e9f3a356cc34a4172dc750a7753fed534eadc3,go,ok,36,go,gotest,true,false,0,0,,0,1,1,0,"",1.18,
744624840,744624842,157,c1e9f3a356cc34a4172dc750a7753fed534eadc3,go,ok,38,go,gotest,true,false,0,0,,0,1,1,0,"",0.21,
745031367,745031368,158,2852b6132f3d8900ceeba7d96ee63abee4bb420c,unknown,unknown,,plain,"",false,,,,,,,,,"",,
745031367,745031369,158,2852b6132f3d8900ceeba7d96ee63abee4bb420c,unknown,unknown,,plain,"",false,,,,,,,,,"",,
745031859,745031860,159,d1879f7517dd0eeb61c0729256247e0046a8b650,go,ok,36,go,gotest,true,false,0,0,,0,1,1,0,"",1.17,
745031859,745031861,159,d1879f7517dd0eeb61c0729256247e0046a8b650,go,ok,36,go,gotest,true,false,0,0,,0,1,1,0,"",0.2,
632134677,632134678,15,f1dd6a763225c5f8eabaec0a689fff36a8d7ed2e,go,ok,10,go,gotest,true,false,0,0,,0,1,1,0,"",1.05,
632134677,632134679,15,f1dd6a763225c5f8eabaec0a689fff36a8d7ed2e,go,ok,8,go,gotest,true,false,0,0,,0,1,1,0,"",0.06,
746221960,746221961,160,dc650df60f2de2aa0aa13e78a32b502299736a1f,go,ok,36,go,gotest,true,false,0,0,,0,1,1,0,"",1.17,
746221960,746221962,160,dc650df60f2de2aa0aa13e78a32b502299736a1f,go,ok,34,go,gotest,true,false,0,0,,0,1,1,0,"",0.2,
746686291,746686292,161,cfb3d5edde047290239f9d05f8790ab73675d20b,go,ok,36,go,gotest,true,false,0,0,,0,1,1,0,"",1.18,
746686291,746686293,161,cfb3d5edde047290239f9d05f8790ab73675d20b,go,ok,33,go,gotest,true,false,0,0,,0,1,1,0,"",0.19,
747373289,747373290,162,e9ecd38609b012d78f5a4d8825e42ef272dbad29,go,ok,35,go,gotest,true,false,0,0,,0,1,1,0,"",1.2,
747373289,747373291,162,e9ecd38609b012d78f5a4d8825e42ef272dbad29,go,ok,35,go,gotest,true,false,0,0,,0,1,1,0,"",0.2,
748105483,748105484,163,a97443b09f581f25fb26487562225280fd47be0d,go,ok,36,go,gotest,true,false,0,0,,0,1,1,0,"",1.16,
748105483,748105485,163,a97443b09f581f25fb26487562225280fd47be0d,go,ok,34,go,gotest,true,false,0,0,,0,1,1,0,"",0.19,
748309419,748309420,164,3516c2b4a5357f5ec82fa6247333ad8b63e7f27a,go,ok,36,go,gotest,true,false,0,0,,0,1,1,0,"",1.18,
748309419,748309421,164,3516c2b4a5357f5ec82fa6247333ad8b63e7f27a,go,ok,35,go,gotest,true,false,0,0,,0,1,1,0,"",0.19,
748481564,748481566,165,bceb63b951b8d76c57990e876ad77a4225cb985f,go,ok,36,go,gotest,true,false,0,0,,0,1,1,0,"",1.17,
748481564,748481567,165,bceb63b951b8d76c57990e876ad77a4225cb985f,go,ok,34,go,gotest,true,false,0,0,,0,1,1,0,"",0.21,
748499394,748499395,166,60fb4511cba409bbe45aac7a85b4322d79af07e8,go,ok,34,go,gotest,true,false,0,0,,0,1,1,0,"",1.19,
748499394,748499396,166,60fb4511cba409bbe45aac7a85b4322d79af07e8,go,ok,37,go,gotest,true,false,0,0,,0,1,1,0,"",0.2,
749242432,749242433,167,8f873848b452b65152a4683f1d52d22c1c752944,go,ok,38,go,gotest,true,false,0,0,,0,1,1,0,"",1.17,
749242432,749242434,167,8f873848b452b65152a4683f1d52d22c1c752944,go,ok,35,go,gotest,true,false,0,0,,0,1,1,0,"",0.21,
749760694,749760695,168,17dab2b01c1d833c733587e9f833d79d6694b96d,go,ok,36,go,gotest,true,false,0,0,,0,1,1,0,"",1.17,
749760694,749760696,168,17dab2b01c1d833c733587e9f833d79d6694b96d,go,ok,37,go,gotest,true,false,0,0,,0,1,1,0,"",0.18,
750816553,750816554,169,db108519e957ff11095c21d6a8337f40029f45a9,go,ok,36,go,gotest,true,false,0,0,,0,1,1,0,"",1.18,
750816553,750816555,169,db108519e957ff11095c21d6a8337f40029f45a9,go,ok,35,go,gotest,true,false,0,0,,0,1,1,0,"",0.2,
632647332,632647333,16,9a0ac52273bf8d596d119b16ea7d19ebe308ec53,go,ok,8,go,gotest,true,false,0,0,,0,1,1,0,"",1.05,
632647332,632647334,16,9a0ac52273bf8d596d119b16ea7d19ebe308ec53,go,ok,7,go,gotest,true,false,0,0,,0,1,1,0,"",0.06,
751161894,751161895,170,56f0c2824dec30db042bedf504380e465c16aa36,go,ok,34,go,gotest,true,false,0,0,,0,1,1,0,"",1.19,
751161894,751161896,170,56f0c2824dec30db042bedf504380e465c16aa36,go,ok,33,go,gotest,true,false,0,0,,0,1,1,0,"",0.19,
751163400,751163401,171,8506d97e13d4c6ee69e50fd9b7762d7cbcd7dff7,go,ok,35,go,gotest,true,false,0,0,,0,1,1,0,"",1.18,
751163400,751163402,171,8506d97e13d4c6ee69e50fd9b7762d7cbcd7dff7,go,ok,35,go,gotest,true,false,0,0,,0,1,1,0,"",0.21,
751164273,751164274,172,ee26b51241f44b1edc674c3a15899cab05fc16fb,go,ok,35,go,gotest,true,false,0,0,,0,1,1,0,"",1.18,
751164273,751164275,172,ee26b51241f44b1edc674c3a15899cab05fc16fb,go,ok,34,go,gotest,true,false,0,0,,0,1,1,0,"",0.22,
751320607,751320608,173,acd9861d7fe15410657b9ae04755451abd8b5915,go,ok,35,go,gotest,true,false,0,0,,0,1,1,0,"",1.21,
751320607,751320609,173,acd9861d7fe15410657b9ae04755451abd8b5915,go,ok,35,go,gotest,true,false,0,0,,0,1,1,0,"",0.2,
751781435,751781436,174,a60ccdc6957ef90b4e109ec63eb0fcc8dbbe79ff,go,ok,36,go,gotest,true,false,0,0,,0,1,1,0,"",1.17,
751781435,751781437,174,a60ccdc6957ef90b4e109ec63eb0fcc8dbbe79ff,go,ok,37,go,gotest,true,false,0,0,,0,1,1,0,"",0.21,
752755145,752755146,175,a60ccdc6957ef90b4e109ec63eb0fcc8dbbe79ff,go,ok,37,go,gotest,true,false,0,0,,0,1,1,0,"",1.18,
752755145,752755147,175,a60ccdc6957ef90b4e109ec63eb0fcc8dbbe79ff,go,ok,36,go,gotest,true,false,0,0,,0,1,1,0,"",0.2,
753364582,753364583,176,4259e6ae946385439eeb4657056858796fa58a77,go,ok,38,go,gotest,true,false,0,0,,0,1,1,0,"",1.2,
753364582,753364584,176,4259e6ae946385439eeb4657056858796fa58a77,go,ok,37,go,gotest,true,false,0,0,,0,1,1,0,"",0.21,
753459215,753459216,177,22d40a2ef7e8a2b6f9dd929df66f5588fadd43a3,go,ok,36,go,gotest,true,false,0,0,,0,1,1,0,"",1.17,
753459215,753459217,177,22d40a2ef7e8a2b6f9dd929df66f5588fadd43a3,go,ok,38,go,gotest,true,false,0,0,,0,1,1,0,"",0.19,
753461660,753461661,178,f00ef48b7e4ffa72c611e1efe44951fe4e62742e,go,ok,36,go,gotest,true,false,0,0,,0,1,1,0,"",1.19,
753461660,753461662,178,f00ef48b7e4ffa72c611e1efe44951fe4e62742e,go,ok,34,go,gotest,true,false,0,0,,0,1,1,0,"",0.22,
753488606,753488607,179,a0b28c40889701cbd59dba5e8c095589289844e7,go,ok,37,go,gotest,true,false,0,0,,0,1,1,0,"",1.17,
753488606,753488608,179,a0b28c40889701cbd59dba5e8c095589289844e7,go,ok,33,go,gotest,true,false,0,0,,0,1,1,0,"",0.22,
632934945,632934946,17,4bebe1c3f1ea7f67d178cafd91a044651f74970d,go,ok,10,go,gotest,true,false,0,0,,0,1,1,0,"",1.05,
632934945,632934947,17,4bebe1c3f1ea7f67d178cafd91a044651f74970d,go,ok,8,go,gotest,true,false,0,0,,0,1,1,0,"",0.07,
754469963,754469964,180,d234e0a86351ac650fd8077d7a25e6f54798fbc7,go,ok,34,go,gotest,true,false,0,0,,0,1,1,0,"",1.19,
754469963,754469965,180,d234e0a86351ac650fd8077d7a25e6f54798fbc7,go,ok,35,go,gotest,true,false,0,0,,0,1,1,0,"",0.19,
754560700,754560701,181,968898a767a4f1277c3055c2bb32e38a4951f0e4,go,ok,35,go,gotest,true,false,0,0,,0,1,1,0,"",1.17,
754560700,754560702,181,968898a767a4f1277c3055c2bb32e38a4951f0e4,go,ok,36,go,gotest,true,false,0,0,,0,1,1,0,"",0.19,
754599266,754599267,182,04a1abaed77ffd7571b7d96f3e808011f00ffd23,go,ok,34,go,gotest,true,false,0,0,,0,1,1,0,"",1.2,
754599266,754599268,182,04a1abaed77ffd7571b7d96f3e808011f00ffd23,go,ok,33,go,gotest,true,false,0,0,,0,1,1,0,"",0.21,
756793314,756793315,183,52de61d5e827bae33dc836ad63f4d429ce152e2c,go,unknown,4,go,"",false,,,,,,,,,"",,
756793314,756793316,183,52de61d5e827bae33dc836ad63f4d429ce152e2c,go,unknown,4,go,"",false,,,,,,,,,"",,
756793736,756793737,184,dccbfce68aee241f0f5626ea578c3421a3db9948,go,ok,38,go,gotest,true,false,0,0,,0,1,1,0,"",1.18,
756793736,756793738,184,dccbfce68aee241f0f5626ea578c3421a3db9948,go,ok,34,go,gotest,true,false,0,0,,0,1,1,0,"",0.18,
757200921,757200922,185,689c8a30d9ba14bbe3df901e66bd9f0a1f05551f,unknown,unknown,,plain,"",false,,,,,,,,,"",,
757200921,757200923,185,689c8a30d9ba14bbe3df901e66bd9f0a1f05551f,unknown,unknown,,plain,"",false,,,,,,,,,"",,
757201559,757201560,186,ea7c73db90c2ee78aee5d07ebee00f40f82a6653,go,ok,38,go,gotest,true,false,0,0,,0,1,1,0,"",1.18,
757201559,757201561,186,ea7c73db90c2ee78aee5d07ebee00f40f82a6653,go,ok,33,go,gotest,true,false,0,0,,0,1,1,0,"",0.21,
759614808,759614809,187,0e2a3e45536e6f984a7be63959b002a2300e8a97,go,ok,37,go,gotest,true,false,0,0,,0,1,1,0,"",1.18,
759614808,759614810,187,0e2a3e45536e6f984a7be63959b002a2300e8a97,go,ok,37,go,gotest,true,false,0,0,,0,1,1,0,"",0.21,
760684684,760684685,188,0751bce1770530663bd0fe6ee3aafe010a446c93,go,ok,38,go,gotest,true,false,0,0,,0,1,1,0,"",1.19,
760684684,760684686,188,0751bce1770530663bd0fe6ee3aafe010a446c93,go,ok,36,go,gotest,true,false,0,0,,0,1,1,0,"",0.22,
761248434,761248435,189,09482dfc19d410c56685a1f93cbbf99ff490e518,go,ok,37,go,gotest,true,false,0,0,,0,1,1,0,"",1.2,
761248434,761248436,189,09482dfc19d410c56685a1f93cbbf99ff490e518,go,ok,36,go,gotest,true,false,0,0,,0,1,1,0,"",0.22,
633733636,633733637,18,0a32dfe0e303e28f9f7bcfb3e62a38e662198662,go,ok,10,go,gotest,true,false,0,0,,0,1,1,0,"",1.06,
633733636,633733638,18,0a32dfe0e303e28f9f7bcfb3e62a38e662198662,go,ok,8,go,gotest,true,false,0,0,,0,1,1,0,"",0.08,
761252856,761252857,190,fdd40df05716cbc2fe09f4cbc65241ee2fc99ce0,go,ok,35,go,gotest,true,false,0,0,,0,1,1,0,"",1.19,
761252856,761252858,190,fdd40df05716cbc2fe09f4cbc65241ee2fc99ce0,go,ok,35,go,gotest,true,false,0,0,,0,1,1,0,"",0.22,
761253070,761253071,191,a095bb9869882551624c20649c04b0268186250b,go,ok,36,go,gotest,true,false,0,0,,0,1,1,0,"",1.18,
761253070,761253072,191,a095bb9869882551624c20649c04b0268186250b,go,ok,37,go,gotest,true,false,0,0,,0,1,1,0,"",0.22,
761453236,761453237,192,52ab048420a8953678fee1a7edadde33ca34d35b,go,ok,34,go,gotest,true,false,0,0,,0,1,1,0,"",1.2,
761453236,761453238,192,52ab048420a8953678fee1a7edadde33ca34d35b,go,ok,35,go,gotest,true,false,0,0,,0,1,1,0,"",0.19,
761521361,761521362,193,a4c817f648473e2683af8af56915f9393ead0f76,go,ok,39,go,gotest,true,false,0,0,,0,1,1,0,"",1.18,
761521361,761521363,193,a4c817f648473e2683af8af56915f9393ead0f76,go,ok,37,go,gotest,true,false,0,0,,0,1,1,0,"",0.2,
634212332,634212333,19,204164e8b9375ed26bb4fd25018da5dbdf80e74a,go,ok,10,go,gotest,true,false,0,0,,0,1,1,0,"",1.06,
634212332,634212334,19,204164e8b9375ed26bb4fd25018da5dbdf80e74a,go,ok,8,go,gotest,true,false,0,0,,0,1,1,0,"",0.07,
631212206,631212207,1,277d98265ea5cdc8f7e073ded70f7d64c1e133f8,go,broken,1,go,"",false,,,,,,,,,"",,
631212206,631212208,1,277d98265ea5cdc8f7e073ded70f7d64c1e133f8,go,broken,1,go,"",false,,,,,,,,,"",,
631212206,631212209,1,277d98265ea5cdc8f7e073ded70f7d64c1e133f8,go,ok,1,go,"",false,,,,,,,,,"",,
631212206,631212210,1,277d98265ea5cdc8f7e073ded70f7d64c1e133f8,go,ok,1,go,"",false,,,,,,,,,"",,
634709819,634709820,20,1ff17da96f2df2197cd2b43f1d4384335e30727c,go,ok,10,go,gotest,true,false,0,0,,0,1,1,0,"",1.15,
634709819,634709821,20,1ff17da96f2df2197cd2b43f1d4384335e30727c,go,ok,8,go,gotest,true,false,0,0,,0,1,1,0,"",0.16,
635685032,635685033,21,f8daa91659c25be6deea4cc86431154389223af7,go,ok,10,go,gotest,true,false,0,0,,0,1,1,0,"",1.05,
635685032,635685034,21,f8daa91659c25be6deea4cc86431154389223af7,go,ok,8,go,gotest,true,false,0,0,,0,1,1,0,"",0.06,
635690688,635690689,22,f8daa91659c25be6deea4cc86431154389223af7,go,ok,9,go,gotest,true,false,0,0,,0,1,1,0,"",1.05,
635690688,635690690,22,f8daa91659c25be6deea4cc86431154389223af7,go,ok,7,go,gotest,true,false,0,0,,0,1,1,0,"",0.05,
635691221,635691222,23,f8daa91659c25be6deea4cc86431154389223af7,go,ok,9,go,gotest,true,false,0,0,,0,1,1,0,"",1.05,
635691221,635691223,23,f8daa91659c25be6deea4cc86431154389223af7,go,ok,8,go,gotest,true,false,0,0,,0,1,1,0,"",0.05,
635691344,635691345,24,0f1ac1d72f2cbe296d259265b4e8afac0bf3c89d,go,ok,10,go,gotest,true,false,0,0,,0,1,1,0,"",1.05,
635691344,635691346,24,0f1ac1d72f2cbe296d259265b4e8afac0bf3c89d,go,ok,8,go,gotest,true,false,0,0,,0,1,1,0,"",0.06,
635696026,635696027,25,62a72bdf70ea7d8d74e88823d9b6ba4eb80a7cc0,go,ok,10,go,gotest,true,false,0,0,,0,1,1,0,"",1.05,
635696026,635696028,25,62a72bdf70ea7d8d74e88823d9b6ba4eb80a7cc0,go,ok,8,go,gotest,true,false,0,0,,0,1,1,0,"",0.07,
635696874,635696875,26,3156708f37c21abd0f3c61e1b82b82f14814ab33,go,ok,10,go,gotest,true,false,0,0,,0,1,1,0,"",1.05,
635696874,635696876,26,3156708f37c21abd0f3c61e1b82b82f14814ab33,go,ok,8,go,gotest,true,false,0,0,,0,1,1,0,"",0.05,
635962799,635962800,27,2211c3ca5da42db58f0b8bdcb6a7df9805c454df,go,ok,9,go,gotest,true,false,0,0,,0,1,1,0,"",1.05,
635962799,635962801,27,2211c3ca5da42db58f0b8bdcb6a7df9805c454df,go,ok,8,go,gotest,true,false,0,0,,0,1,1,0,"",0.06,
635963695,635963696,28,2211c3ca5da42db58f0b8bdcb6a7df9805c454df,go,ok,9,go,gotest,true,false,0,0,,0,1,1,0,"",1.05,
635963695,635963697,28,2211c3ca5da42db58f0b8bdcb6a7df9805c454df,go,ok,8,go,gotest,true,false,0,0,,0,1,1,0,"",0.06,
635963698,635963699,29,2211c3ca5da42db58f0b8bdcb6a7df9805c454df,go,ok,10,go,gotest,true,false,0,0,,0,1,1,0,"",1.05,
635963698,635963700,29,2211c3ca5da42db58f0b8bdcb6a7df9805c454df,go,ok,8,go,gotest,true,false,0,0,,0,1,1,0,"",0.06,
631212629,631212630,2,a0aaddb366a8e61037ef090df401e082e164d586,go,ok,1,go,"",false,,,,,,,,,"",,
631212629,631212631,2,a0aaddb366a8e61037ef090df401e082e164d586,go,ok,1,go,"",false,,,,,,,,,"",,
635965199,635965200,30,69a5d93269187fee0ae9b29f6d56de2e3f940040,go,ok,10,go,gotest,true,false,0,0,,0,1,1,0,"",1.05,
635965199,635965201,30,69a5d93269187fee0ae9b29f6d56de2e3f940040,go,ok,8,go,gotest,true,false,0,0,,0,1,1,0,"",0.07,
635966835,635966836,31,8973c30be3bbe77a95ca362326598359acdaf816,go,ok,10,go,gotest,true,false,0,0,,0,1,1,0,"",1.05,
635966835,635966837,31,8973c30be3bbe77a95ca362326598359acdaf816,go,ok,8,go,gotest,true,false,0,0,,0,1,1,0,"",0.06,
635967880,635967881,32,8522fd836a72408a02bf8dcfeff0ac4a1a017a3d,go,ok,10,go,gotest,true,false,0,0,,0,1,1,0,"",1.06,
635967880,635967882,32,8522fd836a72408a02bf8dcfeff0ac4a1a017a3d,go,ok,8,go,gotest,true,false,0,0,,0,1,1,0,"",0.05,
636193769,636193770,33,92535ef518d7491a7b9accb48174e63f3cf29f24,go,ok,10,go,gotest,true,false,0,0,,0,1,1,0,"",1.05,
636193769,636193771,33,92535ef518d7491a7b9accb48174e63f3cf29f24,go,ok,8,go,gotest,true,false,0,0,,0,1,1,0,"",0.06,
636282627,636282628,34,ec4c62c20ffbb79919d7311dd9ef6565bf202dc3,go,ok,10,go,gotest,true,false,0,0,,0,1,1,0,"",1.05,
636282627,636282629,34,ec4c62c20ffbb79919d7311dd9ef6565bf202dc3,go,ok,8,go,gotest,true,false,0,0,,0,1,1,0,"",0.06,
638261760,638261761,35,8fe12b39f408dade1bbb009ab31923bb2f4e075b,go,ok,9,go,gotest,true,false,0,0,,0,1,1,0,"",1.05,
638261760,638261762,35,8fe12b39f408dade1bbb009ab31923bb2f4e075b,go,ok,7,go,gotest,true,false,0,0,,0,1,1,0,"",0.06,
638263455,638263456,36,561239cfa896861e751b7f84629be559e5cd949d,go,ok,10,go,gotest,true,false,0,0,,0,1,1,0,"",1.05,
638263455,638263457,36,561239cfa896861e751b7f84629be559e5cd949d,go,ok,7,go,gotest,true,false,0,0,,0,1,1,0,"",0.06,
638264507,638264508,37,6da7371c31c55d0673fdbfa3c227b4ebadbb0f77,go,ok,9,go,gotest,true,false,0,0,,0,1,1,0,"",1.05,
638264507,638264509,37,6da7371c31c55d0673fdbfa3c227b4ebadbb0f77,go,ok,6,go,gotest,true,false,0,0,,0,1,1,0,"",0.06,
638300445,638300446,38,530ef778f74a5125682c23e21e5c2c3307af56d0,go,ok,10,go,gotest,true,false,0,0,,0,1,1,0,"",1.05,
638300445,638300447,38,530ef778f74a5125682c23e21e5c2c3307af56d0,go,ok,8,go,gotest,true,false,0,0,,0,1,1,0,"",0.05,
639564227,639564228,39,b72a40e40e86a94e9c55bcc53096d2e40aee5768,go,ok,12,go,gotest,true,false,0,0,,0,1,1,0,"",1.05,
639564227,639564229,39,b72a40e40e86a94e9c55bcc53096d2e40aee5768,go,ok,9,go,gotest,true,false,0,0,,0,1,1,0,"",0.07,
631219143,631219144,3,617b01e6004e039391ae5bca6e643c27fcd98eb1,go,broken,44,go,gotest,true,true,0,1,,0,0,0,0,github.com/xxjwxc/gormt,0.03,
631219143,631219145,3,617b01e6004e039391ae5bca6e643c27fcd98eb1,go,broken,7,go,gotest,true,true,0,1,,0,0,0,0,github.com/xxjwxc/gormt,0.03,
639857902,639857903,40,bb224315a15271d465070c480447762bc43303cc,go,ok,11,go,gotest,true,false,0,0,,0,1,1,0,"",1.05,
639857902,639857904,40,bb224315a15271d465070c480447762bc43303cc,go,ok,10,go,gotest,true,false,0,0,,0,1,1,0,"",0.07,
639974094,639974096,41,5230c6f2429b397fc6d1fec5b2c8d5011a0359ed,go,broken,12,go,gotest,true,true,0,1,,0,0,0,0,github.com/xxjwxc/gormt,0,
639974094,639974097,41,5230c6f2429b397fc6d1fec5b2c8d5011a0359ed,go,broken,10,go,gotest,true,true,0,1,,0,0,0,0,github.com/xxjwxc/gormt,0,
639979354,639979355,42,884065934b7b98b7c269eb4eb6c20edf392172c6,go,broken,12,go,gotest,true,true,0,1,,0,0,0,0,github.com/xxjwxc/gormt,0,
639979354,639979356,42,884065934b7b98b7c269eb4eb6c20edf392172c6,go,broken,10,go,gotest,true,true,0,1,,0,0,0,0,github.com/xxjwxc/gormt,0,
639983517,639983518,43,40f837aecfdd765aa605b3ce693084ea60090268,go,ok,11,go,gotest,true,false,0,0,,0,1,1,0,"",1.05,
639983517,639983519,43,40f837aecfdd765aa605b3ce693084ea60090268,go,ok,10,go,gotest,true,false,0,0,,0,1,1,0,"",0.06,
640271856,640271857,44,169edf0f5056e6a7690db0b150c0cfd80cbf9084,go,ok,11,go,gotest,true,false,0,0,,0,1,1,0,"",1.05,
640271856,640271858,44,169edf0f5056e6a7690db0b150c0cfd80cbf9084,go,ok,10,go,gotest,true,false,0,0,,0,1,1,0,"",0.06,
640272677,640272678,45,5287143557365168788252efa19c73a5c0fe78f8,go,ok,12,go,gotest,true,false,0,0,,0,1,1,0,"",1.05,
640272677,640272679,45,5287143557365168788252efa19c73a5c0fe78f8,go,ok,10,go,gotest,true,false,0,0,,0,1,1,0,"",0.07,
640272990,640272991,46,3982dfa67c3ccdb16ffa0971b89b407802e6bf74,go,ok,12,go,gotest,true,false,0,0,,0,1,1,0,"",1.05,
640272990,640272992,46,3982dfa67c3ccdb16ffa0971b89b407802e6bf74,go,ok,10,go,gotest,true,false,0,0,,0,1,1,0,"",0.07,
640277588,640277589,47,3982dfa67c3ccdb16ffa0971b89b407802e6bf74,go,ok,12,go,gotest,true,false,0,0,,0,1,1,0,"",1.05,
640277588,640277590,47,3982dfa67c3ccdb16ffa0971b89b407802e6bf74,go,ok,10,go,gotest,true,false,0,0,,0,1,1,0,"",0.05,
640277591,640277592,48,2211c3ca5da42db58f0b8bdcb6a7df9805c454df,go,ok,10,go,gotest,true,false,0,0,,0,1,1,0,"",1.05,
640277591,640277593,48,2211c3ca5da42db58f0b8bdcb6a7df9805c454df,go,ok,8,go,gotest,true,false,0,0,,0,1,1,0,"",0.06,
640321359,640321360,49,0ef3841dfa1eb4cfb082b0b93bdcec7216b70559,go,ok,12,go,gotest,true,false,0,0,,0,1,1,0,"",1.05,
640321359,640321361,49,0ef3841dfa1eb4cfb082b0b93bdcec7216b70559,go,ok,10,go,gotest,true,false,0,0,,0,1,1,0,"",0.06,
631223554,631223555,4,ed989232f6d0ef163f62678c8201795ccc535042,go,ok,7,go,gotest,true,false,0,0,,0,1,1,0,"",1.05,
631223554,631223556,4,ed989232f6d0ef163f62678c8201795ccc535042,go,ok,7,go,gotest,true,false,0,0,,0,1,1,0,"",0.05,
640322346,640322347,50,80351c3d642e05eb8232573dd76b617bac56f3ea,go,ok,11,go,gotest,true,false,0,0,,0,1,1,0,"",1.05,
640322346,640322348,50,80351c3d642e05eb8232573dd76b617bac56f3ea,go,ok,10,go,gotest,true,false,0,0,,0,1,1,0,"",0.07,
653114953,653114954,51,6b14d480f0e1782fb91721657f7c28878ac88265,go,ok,12,go,gotest,true,false,0,0,,0,1,1,0,"",1.05,
653114953,653114955,51,6b14d480f0e1782fb91721657f7c28878ac88265,go,ok,11,go,gotest,true,false,0,0,,0,1,1,0,"",0.07,
653116194,653116195,52,8585c30fbd0ac2883499683c5c7b4624f7d68683,go,ok,11,go,gotest,true,false,0,0,,0,1,1,0,"",1.05,
653116194,653116196,52,8585c30fbd0ac2883499683c5c7b4624f7d68683,go,ok,9,go,gotest,true,false,0,0,,0,1,1,0,"",0.07,
653419807,653419808,53,8585c30fbd0ac2883499683c5c7b4624f7d68683,go,ok,11,go,gotest,true,false,0,0,,0,1,1,0,"",1.06,
653419807,653419809,53,8585c30fbd0ac2883499683c5c7b4624f7d68683,go,ok,9,go,gotest,true,false,0,0,,0,1,1,0,"",0.06,
653420542,653420543,54,82c7a46d928395b0da8eff65d98b363324256843,go,ok,11,go,gotest,true,false,0,0,,0,1,1,0,"",1.06,
653420542,653420544,54,82c7a46d928395b0da8eff65d98b363324256843,go,ok,9,go,gotest,true,false,0,0,,0,1,1,0,"",0.07,
653421759,653421760,55,7da50d9737a2af2dda988161ad5d4f812e77b214,go,ok,11,go,gotest,true,false,0,0,,0,1,1,0,"",1.06,
653421759,653421761,55,7da50d9737a2af2dda988161ad5d4f812e77b214,go,ok,9,go,gotest,true,false,0,0,,0,1,1,0,"",0.07,
653449396,653449397,56,53b2ba93fabd453debc911bd5c2c1eebf0c66802,go,ok,11,go,gotest,true,false,0,0,,0,1,1,0,"",1.05,
653449396,653449398,56,53b2ba93fabd453debc911bd5c2c1eebf0c66802,go,ok,9,go,gotest,true,false,0,0,,0,1,1,0,"",0.06,
653459055,653459056,57,79eba1ca6187eb9ae8e7a7e50699f3b00fafc382,go,ok,11,go,gotest,true,false,0,0,,0,1,1,0,"",1.06,
653459055,653459057,57,79eba1ca6187eb9ae8e7a7e50699f3b00fafc382,go,ok,9,go,gotest,true,false,0,0,,0,1,1,0,"",0.06,
653850377,653850378,58,c5924ba43deb09e23ad2b40d177204a8beb3ac04,go,ok,10,go,gotest,true,false,0,0,,0,1,1,0,"",1.06,
653850377,653850379,58,c5924ba43deb09e23ad2b40d177204a8beb3ac04,go,ok,9,go,gotest,true,false,0,0,,0,1,1,0,"",0.07,
653978618,653978619,59,7362aa0f7b014e694893be672d47732e9f2c811a,go,ok,9,go,gotest,true,false,0,0,,0,1,1,0,"",1.01,
653978618,653978620,59,7362aa0f7b014e694893be672d47732e9f2c811a,go,ok,9,go,gotest,true,false,0,0,,0,1,1,0,"",0.02,
631225321,631225322,5,202a4208f5203fddc0a95c44978d2f502c3952a8,go,ok,1,go,"",false,,,,,,,,,"",,
631225321,631225323,5,202a4208f5203fddc0a95c44978d2f502c3952a8,go,ok,1,go,"",false,,,,,,,,,"",,
653997850,653997851,60,12113760251b52c768f70b83dd861e18070dadc4,go,ok,11,go,gotest,true,false,0,0,,0,1,1,0,"",1.01,
653997850,653997852,60,12113760251b52c768f70b83dd861e18070dadc4,go,ok,11,go,gotest,true,false,0,0,,0,1,1,0,"",0.02,
654001207,654001208,61,2aa5bb804d9d029d18f8919f8804944b5bca00db,go,ok,11,go,gotest,true,false,0,0,,0,1,1,0,"",1.01,
654001207,654001209,61,2aa5bb804d9d029d18f8919f8804944b5bca00db,go,ok,10,go,gotest,true,false,0,0,,0,1,1,0,"",0.02,
654001582,654001583,62,b7c5b5b6c73041b982391c14adfbf07c7c2b7e09,go,ok,47,go,gotest,true,false,0,0,,0,1,1,0,"",1.01,
654001582,654001584,62,b7c5b5b6c73041b982391c14adfbf07c7c2b7e09,go,ok,10,go,gotest,true,false,0,0,,0,1,1,0,"",0.02,
656235260,656235261,63,bfb54391ac1ae5953a3d03bc14952943ffb0b51d,go,ok,11,go,gotest,true,false,0,0,,0,1,1,0,"",1.01,
656235260,656235262,63,bfb54391ac1ae5953a3d03bc14952943ffb0b51d,go,ok,11,go,gotest,true,false,0,0,,0,1,1,0,"",0.02,
656255350,656255351,64,95d96431c548a589ef1bf6c9f4679c6c3570eadb,go,unknown,7,go,"",false,,,,,,,,,"",,
656255350,656255352,64,95d96431c548a589ef1bf6c9f4679c6c3570eadb,go,unknown,7,go,"",false,,,,,,,,,"",,
656298300,656298301,65,73c399165e2305b4fe59fda65f2bcccd6f7d5c02,go,unknown,35,go,"",false,,,,,,,,,"",,
656298300,656298302,65,73c399165e2305b4fe59fda65f2bcccd6f7d5c02,go,unknown,9,go,"",false,,,,,,,,,"",,
656329986,656329987,66,ce3904575d1378afb3591d73b96da22581e3c7aa,go,ok,13,go,gotest,true,false,0,0,,0,1,1,0,"",1.01,
656329986,656329988,66,ce3904575d1378afb3591d73b96da22581e3c7aa,go,ok,11,go,gotest,true,false,0,0,,0,1,1,0,"",0.02,
656674773,656674774,67,5698fb7cd16a83f041d46ee240b01e7dbdd6fbff,go,ok,9,go,gotest,true,false,0,0,,0,1,1,0,"",1.01,
656674773,656674775,67,5698fb7cd16a83f041d46ee240b01e7dbdd6fbff,go,ok,8,go,gotest,true,false,0,0,,0,1,1,0,"",0.02,
656675346,656675348,68,15086fc5f1eff8669ea7ac9f8d398d8fab599f50,go,ok,12,go,gotest,true,false,0,0,,0,1,1,0,"",1.02,
656675346,656675349,68,15086fc5f1eff8669ea7ac9f8d398d8fab599f50,go,ok,11,go,gotest,true,false,0,0,,0,1,1,0,"",0.02,
660075222,660075223,69,43410a1b277242bdaac1cc4af2cce1a1d8226a05,go,ok,10,go,gotest,true,false,0,0,,0,1,1,0,"",1.01,
660075222,660075224,69,43410a1b277242bdaac1cc4af2cce1a1d8226a05,go,ok,10,go,gotest,true,false,0,0,,0,1,1,0,"",0.02,
631291947,631291948,6,2f94d7dc0ba10fb08a24b49134171ed00e878844,go,ok,7,go,gotest,true,false,0,0,,0,1,1,0,"",1.05,
631291947,631291949,6,2f94d7dc0ba10fb08a24b49134171ed00e878844,go,ok,7,go,gotest,true,false,0,0,,0,1,1,0,"",0.05,
660077585,660077586,70,7d4b41269ba184f8f4ed9939215cda7865db5c2a,go,ok,11,go,gotest,true,false,0,0,,0,1,1,0,"",1.01,
660077585,660077587,70,7d4b41269ba184f8f4ed9939215cda7865db5c2a,go,ok,11,go,gotest,true,false,0,0,,0,1,1,0,"",0.02,
670897616,670897617,71,a327605fb26856a2d5a41af821044cb2d43476ac,go,ok,10,go,gotest,true,false,0,0,,0,1,1,0,"",1.01,
670897616,670897618,71,a327605fb26856a2d5a41af821044cb2d43476ac,go,ok,9,go,gotest,true,false,0,0,,0,1,1,0,"",0.02,
670898089,670898090,72,6271a320f5930059729668b8268f107b7d5c488c,go,ok,11,go,gotest,true,false,0,0,,0,1,1,0,"",1.01,
670898089,670898091,72,6271a320f5930059729668b8268f107b7d5c488c,go,ok,9,go,gotest,true,false,0,0,,0,1,1,0,"",0.02,
671538847,671538848,73,005237b88055e911b6ebcc237731320331e4501a,go,ok,10,go,gotest,true,false,0,0,,0,1,1,0,"",1.01,
671538847,671538849,73,005237b88055e911b6ebcc237731320331e4501a,go,ok,8,go,gotest,true,false,0,0,,0,1,1,0,"",0.02,
671542165,671542166,74,313e70869115b4b8fee351b08420a59ad1f249bb,go,ok,47,go,gotest,true,false,0,0,,0,1,1,0,"",1.01,
671542165,671542167,74,313e70869115b4b8fee351b08420a59ad1f249bb,go,ok,9,go,gotest,true,false,0,0,,0,1,1,0,"",0.02,
671547660,671547661,75,44ed2250e35e698cf160072f486f56356cf48931,go,ok,12,go,gotest,true,false,0,0,,0,1,1,0,"",1.01,
671547660,671547662,75,44ed2250e35e698cf160072f486f56356cf48931,go,ok,9,go,gotest,true,false,0,0,,0,1,1,0,"",0.02,
672921270,672921271,76,44ed2250e35e698cf160072f486f56356cf48931,go,ok,11,go,gotest,true,false,0,0,,0,1,1,0,"",1.01,
672921270,672921272,76,44ed2250e35e698cf160072f486f56356cf48931,go,ok,9,go,gotest,true,false,0,0,,0,1,1,0,"",0.02,
677580095,677580096,77,1c449e12063a347092b14dd0c5329348fdec2b48,go,ok,10,go,gotest,true,false,0,0,,0,1,1,0,"",1.01,
677580095,677580097,77,1c449e12063a347092b14dd0c5329348fdec2b48,go,ok,9,go,gotest,true,false,0,0,,0,1,1,0,"",0.02,
677629469,677629470,78,84f7a279c20f651dc443421a61de8dd5750e9620,go,ok,10,go,gotest,true,false,0,0,,0,1,1,0,"",1.01,
677629469,677629471,78,84f7a279c20f651dc443421a61de8dd5750e9620,go,ok,9,go,gotest,true,false,0,0,,0,1,1,0,"",0.02,
677651519,677651520,79,bdf2b408c78e0ca947a7b30b6151abecf178f378,go,ok,11,go,gotest,true,false,0,0,,0,1,1,0,"",1.01,
677651519,677651521,79,bdf2b408c78e0ca947a7b30b6151abecf178f378,go,ok,9,go,gotest,true,false,0,0,,0,1,1,0,"",0.02,
631294610,631294611,7,9ff41f500ead1d3a56532abce5d696da6d517d76,go,ok,8,go,gotest,true,false,0,0,,0,1,1,0,"",1.05,
631294610,631294612,7,9ff41f500ead1d3a56532abce5d696da6d517d76,go,ok,7,go,gotest,true,false,0,0,,0,1,1,0,"",0.06,
681462883,681462884,80,20393072c07a20788d7300de414892aef648595e,go,ok,10,go,gotest,true,false,0,0,,0,1,1,0,"",1.01,
681462883,681462885,80,20393072c07a20788d7300de414892aef648595e,go,ok,8,go,gotest,true,false,0,0,,0,1,1,0,"",0.02,
681806358,681806359,81,fafe362f4077989ce8618c77fa7d6ffb5f7093a9,go,ok,11,go,gotest,true,false,0,0,,0,1,1,0,"",1.01,
681806358,681806360,81,fafe362f4077989ce8618c77fa7d6ffb5f7093a9,go,ok,9,go,gotest,true,false,0,0,,0,1,1,0,"",0.02,
681806919,681806920,82,68f4fad30bac2c0d4de0de64c99ab4f9c3848a44,go,ok,11,go,gotest,true,false,0,0,,0,1,1,0,"",1.01,
681806919,681806921,82,68f4fad30bac2c0d4de0de64c99ab4f9c3848a44,go,ok,9,go,gotest,true,false,0,0,,0,1,1,0,"",0.02,
681881996,681881997,83,68f4fad30bac2c0d4de0de64c99ab4f9c3848a44,go,ok,44,go,gotest,true,false,0,0,,0,1,1,0,"",1.01,
681881996,681881998,83,68f4fad30bac2c0d4de0de64c99ab4f9c3848a44,go,ok,8,go,gotest,true,false,0,0,,0,1,1,0,"",0.02,
683903725,683903729,84,365388ccd9f3e6525f521a46ddd7908dfbc68353,go,ok,10,go,gotest,true,false,0,0,,0,1,1,0,"",1.01,
683903725,683903731,84,365388ccd9f3e6525f521a46ddd7908dfbc68353,go,ok,9,go,gotest,true,false,0,0,,0,1,1,0,"",0.02,
684548991,684548992,85,4e8f26a53743e8f56de065045b3a5883ba539745,go,ok,10,go,gotest,true,false,0,0,,0,1,1,0,"",1.01,
684548991,684548993,85,4e8f26a53743e8f56de065045b3a5883ba539745,go,ok,8,go,gotest,true,false,0,0,,0,1,1,0,"",0.02,
684549549,684549550,86,ef70917a137362a9227e3553c1173b11f997a4a4,go,ok,10,go,gotest,true,false,0,0,,0,1,1,0,"",1.01,
684549549,684549551,86,ef70917a137362a9227e3553c1173b11f997a4a4,go,ok,9,go,gotest,true,false,0,0,,0,1,1,0,"",0.02,
684550531,684550532,87,a864f05c4943803218e5a1e155a4a57c5a662b25,go,ok,10,go,gotest,true,false,0,0,,0,1,1,0,"",1.01,
684550531,684550533,87,a864f05c4943803218e5a1e155a4a57c5a662b25,go,ok,8,go,gotest,true,false,0,0,,0,1,1,0,"",0.02,
684551024,684551025,88,89ef2282a91b5467ebde369d2e0abb1f597c39b4,go,ok,10,go,gotest,true,false,0,0,,0,1,1,0,"",1.01,
684551024,684551026,88,89ef2282a91b5467ebde369d2e0abb1f597c39b4,go,ok,8,go,gotest,true,false,0,0,,0,1,1,0,"",0.02,
685534475,685534476,89,a3901e56d209c71f0990a4d55386a7f3d970e220,go,ok,47,go,gotest,true,false,0,0,,0,1,1,0,"",1.01,
685534475,685534477,89,a3901e56d209c71f0990a4d55386a7f3d970e220,go,ok,9,go,gotest,true,false,0,0,,0,1,1,0,"",0.02,
631295419,631295420,8,1b104ac2b52f58ae52ca8a36c5a56ea7cc3fc683,go,ok,8,go,"",false,,,,,,,,,"",,
631295419,631295421,8,1b104ac2b52f58ae52ca8a36c5a56ea7cc3fc683,go,ok,7,go,"",false,,,,,,,,,"",,
686218109,686218113,90,380cc820162f50b66c74c45d53732c3f425b9d01,go,ok,46,go,gotest,true,false,0,0,,0,1,1,0,"",1.01,
686218109,686218115,90,380cc820162f50b66c74c45d53732c3f425b9d01,go,ok,8,go,gotest,true,false,0,0,,0,1,1,0,"",0.02,
686945949,686945950,91,380cc820162f50b66c74c45d53732c3f425b9d01,go,ok,11,go,gotest,true,false,0,0,,0,1,1,0,"",1.02,
686945949,686945951,91,380cc820162f50b66c74c45d53732c3f425b9d01,go,ok,8,go,gotest,true,false,0,0,,0,1,1,0,"",0.02,
687854305,687854306,92,309b9873da680be8fabcd295661ede1aae622c87,go,ok,10,go,gotest,true,false,0,0,,0,1,1,0,"",1.01,
687854305,687854307,92,309b9873da680be8fabcd295661ede1aae622c87,go,ok,7,go,gotest,true,false,0,0,,0,1,1,0,"",0.02,
687948015,687948016,93,cb7e9d7f807965aef160f3e17619e882e05a36fa,go,ok,12,go,gotest,true,false,0,0,,0,1,1,0,"",1.01,
687948015,687948017,93,cb7e9d7f807965aef160f3e17619e882e05a36fa,go,ok,9,go,gotest,true,false,0,0,,0,1,1,0,"",0.02,
691679829,691679830,94,ef08ccd2ee6b4649c253332c92c190aed751a1ba,go,ok,11,go,gotest,true,false,0,0,,0,1,1,0,"",1.01,
691679829,691679831,94,ef08ccd2ee6b4649c253332c92c190aed751a1ba,go,ok,10,go,gotest,true,false,0,0,,0,1,1,0,"",0.02,
694253737,694253738,95,ab322a9c7e44ddec5b8c97cf57e608f241d64c82,go,ok,12,go,gotest,true,false,0,0,,0,1,1,0,"",1.01,
694253737,694253739,95,ab322a9c7e44ddec5b8c97cf57e608f241d64c82,go,ok,11,go,gotest,true,false,0,0,,0,1,1,0,"",0.02,
695054603,695054606,96,349b8297e284531e3975121c2cd534134936368c,go,ok,12,go,gotest,true,false,0,0,,0,1,1,0,"",1.01,
695054603,695054607,96,349b8297e284531e3975121c2cd534134936368c,go,ok,11,go,gotest,true,false,0,0,,0,1,1,0,"",0.02,
695101843,695101844,97,36bb586b985afa4c3bb7093989ce469279faf61f,go,ok,13,go,gotest,true,false,0,0,,0,1,1,0,"",1.01,
695101843,695101845,97,36bb586b985afa4c3bb7093989ce469279faf61f,go,ok,11,go,gotest,true,false,0,0,,0,1,1,0,"",0.02,
695423057,695423058,98,16c12187f50982606d1aecb333284b0d78bcafb9,go,ok,13,go,gotest,true,false,0,0,,0,1,1,0,"",1.01,
695423057,695423059,98,16c12187f50982606d1aecb333284b0d78bcafb9,go,ok,11,go,gotest,true,false,0,0,,0,1,1,0,"",0.02,
695659018,695659019,99,50d7b764b643d5893a95220b89d049a1ffd8eb72,go,ok,11,go,gotest,true,false,0,0,,0,1,1,0,"",1.01,
695659018,695659020,99,50d7b764b643d5893a95220b89d049a1ffd8eb72,go,ok,10,go,gotest,true,false,0,0,,0,1,1,0,"",0.02,
631296890,631296891,9,d9393f5e550ed7f3a44d1350cf65230da755121d,go,ok,7,go,gotest,true,false,0,0,,0,1,1,0,"",1.05,
631296890,631296892,9,d9393f5e550ed7f3a44d1350cf65230da755121d,go,ok,8,go,gotest,true,false,0,0,,0,1,1,0,"",0.06,
